100009
100011
100032
100049
100054
100079
100109
100113
100125
100135
100145
100154
100188
100235
100252
100270
100285
100293
100294
100301
100303
100316
100333
100345
100368
100375
100446
100451
100479
100480
100580
100606
100634
100669
100718
100734
100793
100817
100818
100821
100837
100863
100882
100883
100904
100931
100961
101016
101020
101073
101077
101103
101108
101113
101119
101135
101173
101192
101204
101238
101266
101299
101318
101320
101338
101345
101352
101375
101387
101426
101427
101444
101480
101561
101562
101563
101575
101577
101582
101593
101597
101603
101618
101626
101676
101701
101709
101761
101774
101782
101825
101833
101847
101853
101867
101950
102058
102092
102096
102102
102130
102142
102178
102202
102258
102264
102268
102270
102288
102308
102310
102318
102320
102326
102346
102359
102388
102400
102442
102444
102446
1024535
102456
102476
102478
102541
102568
102576
102585
102606
102652
102684
102690
102729
102737
102771
102791
102828
102852
102865
102869
102875
102946
102953
102976
102988
103031
103063
103064
103089
103123
103200
103277
103323
103331
103339
103344
103368
103389
103397
103406
103432
103435
103474
103497
103513
103524
103540
103541
103548
103573
103575
103580
103588
103596
103614
103628
103634
103642
103648
103651
103710
103734
103743
103759
103772
103794
103803
103805
103824
103851
103860
103886
103925
103948
103963
103980
103990
103995
104017
104052
104089
104090
104097
104164
104196
104213
104223
104235
104236
104257
104258
104266
104269
104280
104293
104301
104329
104353
104397
104413
104423
104443
104447
104454
104455
104457
104476
104489
104501
104509
104525
104542
104545
104575
104614
104620
104626
104704
104719
104724
104727
104729
104748
104756
104772
1047822
104813
104827
104830
104849
104858
104870
104908
104917
104936
104958
104973
104993
104996
105010
105044
105119
105127
105141
105161
105189
105229
105239
105252
105253
105357
105363
105381
105422
105428
105431
105449
105460
105475
105479
105495
105503
105520
105527
105577
105582
105586
105598
105638
105686
105745
105749
105779
105788
105803
105813
105817
105821
105824
105830
105838
105854
105896
105930
105936
105959
105994
105997
106014
106043
106061
106068
106069
106141
106151
106159
106161
106169
106175
106176
106179
106183
106207
106232
106276
106297
106306
106347
106365
106373
106390
106422
106430
106444
106448
106466
106471
106491
106501
106549
106552
106562
106615
106634
106637
106662
106672
106698
106705
106707
106721
106728
106740
106761
106791
106838
106850
106856
106873
106900
106910
106935
106942
106943
106950
106961
106964
106982
107009
107038
107079
107085
107096
107142
107157
107164
107189
107215
107231
107236
107302
107306
107308
107318
107338
107373
107399
107405
107410
107417
107425
107433
107435
107439
107452
107458
107477
107503
107563
107564
107581
107584
107627
107662
107682
107683
107732
107737
107740
107793
107812
107845
107882
107897
107914
107960
107991
108001
108023
108035
108037
108038
108054
108085
108098
108126
108140
108196
108233
108247
108253
108256
108282
108293
108307
108320
108322
108398
108414
108431
108432
108435
108438
108496
108501
108505
108540
108551
108574
108604
108654
108670
108682
108683
108706
108739
108765
108775
108822
108836
108837
108838
108914
108926
108929
108943
108945
108947
108969
109001
109005
109015
109053
109075
109097
109108
109133
109159
109162
109195
109199
109204
109209
109217
109221
109282
109351
109385
109390
109404
109414
109419
109446
109456
109457
109472
109494
109498
109501
109509
109539
109567
109594
109598
109621
109633
109651
109667
109762
109800
109813
109857
109912
109917
109920
109928
109937
109969
109972
109982
109989
109996
110009
110010
110013
110028
110073
110075
110083
110088
110100
110102
110103
110110
110122
110142
110145
110167
110169
110171
110199
110212
110230
110243
110318
110327
110331
110342
110371
110408
110457
110538
110556
110592
110622
110646
110663
110669
110677
110732
110747
110749
110787
110820
110844
110861
110862
110884
110901
110916
110931
110998
111000
111019
111058
111128
111129
111130
111192
111209
111232
111268
111275
111282
111336
111340
111361
111363
111368
111376
111377
111381
111385
111410
111468
111483
111499
111520
111545
111553
111558
111563
111567
111589
111593
111635
111696
111697
111706
111712
111721
111722
111746
1117718
111779
111797
111817
111829
111836
111843
111883
111895
111916
111971
111985
111994
112008
112009
112076
112077
112115
112137
112139
112158
112225
112247
112264
112271
112305
112341
112358
112362
112387
112425
112451
112482
112485
112494
112497
112507
112512
112529
112564
112576
112584
112626
112656
112658
112660
112680
112706
112754
112761
112763
112772
112776
112780
112798
112812
112835
112838
112847
112854
112858
112906
112917
112945
113010
113045
113054
113061
113080
113090
113106
113129
113152
113183
113211
113293
113301
113323
113324
113364
113397
113401
113433
113440
113443
113445
113446
113453
113461
113464
113511
113522
113544
113570
113577
113587
113588
113597
113612
113631
113635
113649
113658
113688
113708
113718
113725
113732
113735
113749
113751
113752
113760
113814
113838
113839
113843
113866
113882
113922
113936
113948
113974
114011
114055
114066
114072
114074
114087
114120
114157
114158
114191
114200
114222
114231
114292
114328
114357
114365
114366
114396
114419
114424
114483
114495
114520
114537
114544
114561
114564
114580
114591
114605
114639
114673
114674
114686
114691
114714
114719
114752
114753
114758
114764
114765
114774
114828
114865
114873
114882
114937
114939
114942
114968
115066
115085
115178
115187
115198
115222
115239
115254
115258
115284
115304
115323
115332
115336
115358
115360
115376
115411
115422
115429
115431
115438
115439
115458
115487
115511
115516
115549
115562
115618
115677
115705
115725
115759
115771
115772
115803
115806
115815
115842
115854
115880
115892
115922
115931
115932
115963
115971
116044
116057
116062
116080
116133
116143
116167
116197
116211
116219
116234
116267
116288
116289
116294
116298
116338
116358
116360
116369
116371
116372
116379
116385
116391
116409
116428
116445
116477
116489
116493
116502
116508
116531
116539
116546
116580
116601
116608
116626
116632
116637
116641
116649
116657
116736
116746
116773
116788
116789
116814
116830
116834
116839
116878
116892
116906
116915
116927
116934
116960
116968
116975
116991
116993
117012
117022
117023
117028
117030
117054
117162
117166
117186
117198
117210
117222
117292
117299
117310
117349
117362
117363
117369
117381
117393
117400
117444
117464
117476
117477
117509
117523
117528
117549
117555
117583
117584
117585
117606
117659
117674
117700
117719
117728
117747
117767
117774
117779
117789
117802
117847
117849
117857
117909
117915
117932
117936
117963
118001
118023
118057
118058
118059
118089
118174
118212
118235
118261
118286
118306
118358
118429
118478
118479
118484
118503
118514
118520
118535
118544
118549
118551
118577
118584
118598
118614
118633
118710
118714
118729
118768
118786
118792
118889
118901
118902
118910
118915
118921
118941
118944
118947
118972
118983
118993
119008
119017
119033
119039
119051
119056
119079
119098
119128
119164
119170
119176
119182
119197
119207
119254
119272
119297
119329
119344
119411
119422
119458
119471
119474
119522
119529
119545
119562
119563
119567
119570
119575
119629
119665
119673
119684
119721
119735
119742
119751
119769
119793
119832
119851
119891
119907
119929
119938
119939
119941
119986
119992
120003
120046
120053
120080
120121
120126
120131
120172
120173
120201
120204
120238
120243
120268
120277
120320
120361
120384
120408
120420
120460
120461
120475
120521
120596
120599
120601
120645
120676
120733
120753
120781
120796
120820
120837
120839
120900
120902
120910
120914
120998
121012
121036
121038
121040
1210504
121058
121076
121093
121124
121179
121201
121228
121253
121285
121294
121319
121321
121352
121362
121389
121395
121407
121424
121427
121466
121468
121470
121492
121552
121568
121586
121596
121622
121640
121676
121712
121718
121769
121775
121789
121912
121944
121966
122002
122033
122037
122048
122109
122116
122177
122194
122206
122215
122240
122244
122314
122347
122348
122353
122381
122412
122433
122473
122485
122493
122533
122540
122562
122612
122622
122747
122749
122797
122852
122857
122889
122913
122920
122988
122999
123004
123007
123011
123031
123075
123104
123116
123147
123157
123173
123190
123200
123219
123226
123253
123291
123306
123361
123374
123384
123417
123425
123429
123430
123436
123472
123484
123490
123502
123515
123535
123536
123552
123586
123632
123681
123713
123727
123749
123780
123799
123807
123809
123833
123838
123844
123868
123886
123939
123947
123983
123989
124015
124090
124111
124137
124161
124198
124256
124318
124319
124330
124356
124420
124464
124483
124520
124566
124569
124614
124648
124660
124661
124685
124692
124751
124771
124802
124810
124827
124901
124906
124953
124963
124971
124973
124974
124987
124993
125000
125010
125012
125031
125040
125082
125131
125147
125228
125236
125268
125279
125317
125417
125461
125531
125542
125550
125577
125645
125659
125762
125791
125796
125813
125831
125832
125892
125905
125933
125954
126038
126060
126077
126094
126104
126110
126135
126173
126225
126319
126320
126333
126349
126361
126364
126402
126441
126514
126517
126524
126528
126540
126568
126569
126584
126613
126675
126677
126701
126738
126743
126754
126755
126807
126822
126840
126845
126847
126850
126853
126876
126894
126896
126913
126954
127048
127084
127139
127159
127198
127264
127295
127303
127306
127314
127366
127388
127424
127441
127463
127482
127493
127537
127539
127573
127605
127610
127651
127675
127677
127678
127704
127712
127728
127738
127740
127749
127784
127865
127875
127876
127879
127892
127895
127914
127921
127948
127961
128012
128016
128045
128055
128065
128091
128141
128230
128258
128260
128338
128354
128365
128378
128392
128483
128487
128516
128529
128553
128578
128586
128609
128614
128666
128696
128699
128715
128777
128793
128814
128829
128986
129007
129009
129020
129024
129050
129053
129121
129137
129172
129193
129232
129240
129263
129275
129298
129301
129311
129345
129357
129396
129499
129528
129573
129624
129632
129661
129762
129764
129767
129775
129777
129786
129793
129802
129806
129814
129824
129893
129974
129980
130007
130010
130018
130021
130057
130078
130126
130143
130200
130215
130221
130242
130277
130302
130386
130431
130442
130492
130525
130532
130534
130540
130561
130585
130620
130667
130727
130730
130749
130760
130773
130779
130805
130808
130849
130856
130957
130959
130968
130969
131039
131045
131091
131117
131160
131167
131192
131220
131230
131239
131288
131291
131309
131310
131341
131401
131404
131414
131415
131425
131568
131573
131584
131593
131608
131633
131650
131656
131662
131699
131712
131726
131762
131766
131808
131819
131825
131826
131827
131899
131913
131916
131918
131939
132015
132053
132057
132112
132125
132139
132145
132179
132187
132220
132222
132247
132256
132267
132304
132320
132326
132327
132340
132350
132368
132372
132397
132412
132465
132476
132519
132529
132544
132556
132559
132563
132565
132576
132586
132589
132601
132626
132633
132661
132668
132670
132675
132686
132702
132704
132705
132717
132718
132749
132750
132753
132767
132835
132839
132847
132849
132853
132859
132879
132912
132919
132921
132962
132994
133061
133069
133136
133169
133201
133250
133292
133299
133336
133351
133373
133375
133403
133454
133456
133515
133526
133530
133582
133712
133728
133766
133770
133819
133839
133861
133876
133884
133935
133937
133963
133969
133973
133986
134042
134045
134120
134153
134181
134184
134190
134232
134242
134247
134252
134307
134367
134414
134440
134446
134470
134498
134615
134635
134638
134639
134664
134679
134680
134724
134737
134768
134771
134779
134789
134813
134815
134829
134890
134912
13492
134922
134960
135020
135033
135046
135056
135060
135066
135089
135102
135158
135162
135246
135267
135289
135293
135296
135304
135339
135378
135384
135388
135446
135500
135517
135521
135525
135527
135601
135603
135692
135716
135785
135791
135803
135823
135848
135854
135891
136060
136077
136080
136105
136109
136164
136172
136175
136204
136208
136216
136226
136230
136258
136277
136309
136331
136357
136358
136384
136391
136402
136405
136413
136431
136440
136455
136531
136643
136708
136721
136749
136758
136819
136832
136848
136878
136898
136921
136931
136986
136997
137031
137063
137069
137076
137078
137109
137135
137136
137142
137184
137192
137232
137240
137249
137299
137300
137304
137320
137344
137363
137367
137385
137421
137490
137492
137506
137510
137518
137532
137578
137589
137616
137632
137653
137658
137678
13769
137723
137733
137814
137815
137876
137894
137895
137900
137946
137978
137984
137991
138022
138037
138050
138069
138077
138088
138105
138107
138111
138130
138152
138153
138157
138162
138193
138200
138247
138248
138266
138269
138342
138371
138386
138403
138441
138471
138507
138513
138537
138564
138580
138593
138594
13862
138626
138634
138685
138692
138719
138737
138777
138790
138845
138852
138868
138872
138892
138917
138938
138944
138946
138975
138976
138994
138999
139012
139023
139031
139051
139057
139091
139095
139126
139127
139157
139160
139180
139268
139277
139278
139347
139364
139388
139391
139397
139466
139473
139517
139522
139571
139611
139671
139684
139701
139703
139715
139722
139736
139753
139770
139793
139834
139838
139854
139863
139889
139946
139989
140001
140011
140027
140063
140092
140108
140117
140136
140141
140169
140206
140239
140240
140327
140363
140414
140434
140446
140499
140500
140513
140516
140559
140564
140592
140612
140644
140647
140649
140669
140676
140729
140764
140782
140826
140851
140854
140892
140915
140927
140985
141003
141005
141029
141058
141069
141076
141118
141122
141131
141186
141221
141272
141276
141288
141327
141332
141340
141350
141379
141409
141410
141420
141427
141445
141483
141583
141584
141592
141608
141609
141646
141702
141707
141742
141748
141807
141817
141820
141841
141876
141962
142020
142030
142037
142043
142049
142076
142080
142097
142139
142149
142152
142167
142222
142226
142245
142249
142264
142282
142287
142297
142326
142332
142426
142443
142490
142566
142587
142621
142624
142642
142689
142711
142712
142719
142724
142725
142738
142757
142760
142764
142766
142769
142801
142804
142809
142851
142856
142875
142889
142909
142921
142924
142968
142988
142989
143003
143046
143050
143059
143062
143069
143078
143083
143104
143123
143139
143152
143184
143208
143231
143246
143266
143280
143331
143353
143385
143404
143417
143436
143437
143450
143485
143526
143535
143540
143542
143574
143582
143583
143604
143608
143732
143746
143756
143766
143774
143776
143804
143809
143816
143822
143837
143851
143880
143909
143912
143920
143938
143939
143964
144002
144005
144012
144026
144056
144063
144064
144084
144086
144092
144124
144144
144154
144169
144194
144200
144210
144238
144284
144301
144334
144351
144391
144401
144461
144514
144516
144522
144524
144579
144594
144638
144752
144778
144793
144808
144844
144860
144872
144925
144928
144949
144962
144990
145033
145041
145064
145072
145105
145112
145139
145166
145175
145178
145182
145209
145231
145242
145246
145284
145290
145370
145402
145409
145419
145437
145439
145441
145490
145522
145548
145570
145574
145636
145637
145643
145704
145714
145744
145748
145784
145879
145917
145924
145933
145964
145985
145989
146011
146014
146015
146103
146121
146159
146161
146178
146189
146225
146305
146325
146343
146352
146365
146391
146497
146516
146554
146565
146574
146628
146659
146660
146674
146687
146722
146735
146760
146764
146770
146786
146810
146834
146890
146906
146908
146949
147031
147055
147069
147098
147099
147110
147118
147171
147201
147206
147215
147230
147270
147280
147322
147344
147377
147393
147397
147411
147430
147452
147497
147510
147519
147523
147548
147558
147560
147629
147638
147653
147654
147703
147719
147755
147766
147804
147839
147869
147876
147884
147889
147921
147951
147989
148003
148069
148084
148121
148143
148169
148207
148214
148254
148287
148294
148298
148315
148316
148334
148345
148351
148380
148409
148429
148431
148437
148485
148508
148509
148549
148576
148709
148738
148805
148824
148867
148890
148903
148906
148948
148949
148951
148956
148995
149017
1490400
149069
149102
149135
149141
149169
149218
149220
149224
149248
149337
149342
149343
149347
149366
149368
149388
149419
149433
149455
149486
149508
149531
149546
149551
149573
149574
149576
149596
149624
149640
149648
149653
149689
149704
149726
149756
149771
149784
149787
149823
149855
149871
149898
149902
149908
149910
149912
149950
149981
149988
149992
150011
150025
150057
150073
150080
150083
150095
150098
150104
150132
150154
150211
150250
150309
150312
150324
150336
150361
150384
150429
150437
150471
150507
150519
150533
150553
150568
150600
150630
150675
150683
150688
150767
150804
150817
150861
150904
150917
150943
150999
151029
151053
151107
151135
151143
151158
151159
151255
151267
151287
151322
151325
151364
151369
151382
151399
151404
151411
151463
151474
151504
151552
151580
151584
151588
151693
151724
151733
151747
151763
151764
151806
151809
151817
151818
151826
151835
151856
151866
151868
151874
151888
151933
151959
151960
151971
151999
152021
152035
152053
152066
152109
152148
152156
152165
152171
152172
152189
152200
152246
152263
152307
152328
152351
152373
152414
152452
152461
152493
152508
152519
152537
152540
152560
152572
152587
152591
152617
152619
152629
152652
152667
152668
152710
152719
152724
152727
152731
152744
152810
152811
152837
152839
152874
152889
152908
152909
152924
152940
152951
153005
153019
153021
153047
153064
153078
153082
153095
153109
153113
153132
153133
153152
153155
153169
153205
153209
153254
153264
153288
153302
153312
153328
153353
153475
153484
153486
153489
153516
153536
153542
153549
153551
153589
153614
153643
153682
153788
153790
153799
153805
153813
153832
153876
153883
153885
153891
153894
153914
153927
153932
153949
153997
154043
154076
154078
154089
154117
154120
154153
154164
154171
154174
154192
154210
154227
154235
154236
154237
154274
154337
154347
154351
154368
154374
154394
154410
154430
154490
154526
154536
154541
154548
154556
154568
154571
154583
154589
154610
154641
154714
154728
154782
154785
154835
154843
154874
154897
154938
154950
154964
154981
154993
155038
155041
155066
155093
155106
155107
155142
155151
155172
155190
155193
155233
155256
155259
155275
155278
155293
155362
155403
155433
155434
155459
155478
155483
155489
155496
155503
155509
155574
155611
155632
155654
155659
155664
155737
155759
155781
155818
155862
155863
155890
155899
155913
155914
155915
155963
155965
155972
155977
155981
155983
156015
156040
156056
156065
156120
156127
156148
156158
156163
156192
156261
156266
156294
156383
156387
156464
156493
156526
156532
156580
156602
156618
156642
156667
156732
156763
156774
156780
156797
156848
156852
156866
156873
156877
156882
156897
156916
156926
156942
156967
156981
157008
157024
157028
157059
157092
157103
157111
157145
157184
157193
157216
157217
157229
157237
157248
157262
157271
157278
157289
157313
157332
157403
157413
157437
157449
157454
157473
157541
157568
157569
157588
157595
157612
157617
157639
157640
157641
157678
157708
157749
157765
157778
157783
157786
157831
157839
157845
157857
157887
157911
157950
157954
157980
157990
157991
157999
158033
158077
158096
158144
158177
158242
158275
158291
158294
158343
158352
158357
158363
158397
158437
158438
158451
158522
158583
158592
158603
158609
158651
158672
158685
158688
158702
158703
158734
158746
158762
158776
158796
158800
158825
158826
158846
158847
158864
158924
158940
158944
158948
158950
158958
158993
158996
159007
159008
159015
159021
159075
159080
159109
159123
159131
159138
159168
159187
159219
159268
159269
159303
159322
159323
159383
159399
159442
159449
159472
159473
159474
159491
159544
159549
159574
159577
159589
159623
159643
159650
159676
159689
159691
159715
159722
159724
159732
159737
159755
159770
159771
159822
159849
159879
159911
159917
159937
160009
160029
160062
160079
160086
160101
160120
160122
160143
160192
160261
160264
160271
160291
160307
160323
160369
160383
160398
160400
160428
160431
160440
160458
160473
160510
160594
160599
160631
160634
160636
160703
160706
160728
160731
160758
160785
160786
160812
160813
160837
160893
160916
160919
160968
160984
161007
161027
161035
161051
161092
161111
161113
161123
161132
161141
161147
161153
161155
161182
161187
161240
161245
161288
161295
161309
161342
161415
161423
161444
161472
161475
161482
161496
161508
161532
161547
161552
161599
161615
161631
161638
161642
161662
161664
161691
161765
161783
161802
161819
161880
161902
161944
161955
161962
161964
162009
162029
162034
162041
162067
162084
162098
162104
162113
162151
162160
162164
162165
162187
162205
162236
162238
162245
162257
162264
162282
162298
162301
162302
162312
162322
162358
162370
162372
162381
162397
162424
162442
162487
162501
162544
162551
162572
162580
162604
162623
162651
162659
162667
162675
162688
162705
162745
162761
162772
162796
162834
162859
162868
162869
162876
162884
162887
162908
162945
162951
162954
162958
162970
162994
163015
163021
163027
163051
163053
163067
163072
163140
163150
163167
163174
163189
163204
163205
163215
163229
163234
163265
163287
163320
163322
163324
163333
163380
163434
163443
163460
163510
163512
163519
163559
163576
163581
163595
163606
163628
163665
163678
163687
163706
163708
163726
163729
163748
163756
163769
163776
163815
163826
163831
163845
163847
163867
163870
163885
163921
163948
163985
164021
164110
164134
164170
164177
164190
164193
164195
164198
164200
164243
164299
164300
164309
164339
164416
164435
164461
164473
164488
164495
164519
164526
164529
164571
164574
164575
164593
164599
164612
164616
164647
164682
164683
164724
164725
164730
164732
164733
164754
164757
164802
164864
164866
164877
164898
164901
164909
164920
164954
164970
164984
165001
165007
165014
165017
165018
165034
165050
165054
165069
165097
165103
165107
165115
165160
165215
165218
165219
165229
165267
165278
165295
165304
165309
165346
165361
165402
165412
165416
165418
165457
165468
165473
165474
165475
165484
165503
165517
165539
165579
165586
165599
165609
165611
165695
165737
165743
165745
165764
165775
165792
165799
165814
165815
165817
165822
165827
165852
165855
165858
165866
165867
165883
165937
165949
165950
165953
165977
165981
165998
166003
166062
166088
166107
166115
166181
166193
166213
166215
166220
166224
166248
166258
166269
166275
166289
166297
166301
166302
166320
166360
166368
166371
166416
166419
166423
166425
166437
166459
166461
166497
166517
166543
166549
166591
166606
166634
166671
166691
166697
166740
166744
166789
166822
166827
166843
166855
166863
166879
166894
166977
167015
167027
167049
167063
167081
167087
167106
167151
167159
167174
167261
167281
167284
167316
167333
167336
167350
167357
167375
167380
167381
167415
167424
167428
167440
167457
167472
167476
167482
167483
167495
167501
167534
167536
167558
167571
167610
167617
167625
167650
167678
167687
167691
167710
167725
167737
167789
167835
167840
167868
167875
167877
167882
167914
167948
167978
168035
168038
168055
168065
168069
168071
168079
168095
168113
168138
168145
168165
168166
168170
168191
168195
168211
168212
168221
168223
168224
168232
168236
168251
168262
168275
168294
168330
168347
168355
168358
168381
168416
168441
168443
168447
168462
168471
168479
168514
168524
168526
168539
168548
168552
168553
168556
168598
168621
168723
168740
168747
168782
168807
168817
168826
168837
168854
168887
168906
168931
168941
168951
168961
168981
168997
169002
169015
169022
169037
169069
169072
169076
169078
169085
169086
169092
169100
169104
169112
169114
169117
169122
169124
169152
169180
169182
169186
169188
169204
169262
169269
169276
169278
169324
169329
169408
169435
169460
169469
169473
169496
169512
169515
169528
169542
169544
169549
169557
169560
169583
169590
169600
169604
169611
169699
169708
169711
169719
169748
169760
169768
169785
169823
169872
169882
169886
169905
169914
169926
169948
169980
170017
170031
170050
170066
170070
170094
170108
170125
170142
170148
170174
170183
170194
170195
170214
170230
170263
170273
170276
170278
170287
170290
170301
170302
170326
170338
170376
170411
170412
170413
170423
170425
170449
170456
170480
170482
170502
170513
170540
170583
170608
170645
170651
170682
170685
170701
170721
170772
170783
170785
170800
170815
170842
170861
170969
170983
170988
170993
171003
171041
171058
171062
171069
171080
171087
171114
171128
171133
171150
171151
171156
171181
171184
171193
171231
171234
171242
171275
171305
171328
171331
171335
171338
171351
171355
171356
171393
171424
171461
171468
171472
171482
171483
171524
171538
171540
171578
171583
171589
171615
171636
171637
171751
171754
171757
171807
171813
171824
171839
171850
171868
171870
171886
171888
171889
171892
171914
171924
171926
171995
172013
172016
172025
172026
172034
172046
172047
172155
172160
172169
172186
172232
172237
172238
172246
172252
172256
172270
172304
172307
172348
172354
172364
172402
172421
172425
172433
172496
172511
172538
172548
172560
172571
172579
172584
172594
172600
172618
172641
172642
172646
172652
172667
172706
172712
172714
172718
172740
172744
172748
172753
172768
172775
172787
172822
172830
172837
172855
172898
172906
172918
172927
172941
172962
173001
173004
173020
173095
173113
173178
173201
173212
173242
173273
173307
173309
173316
173326
173422
173449
173461
173473
173483
173503
173504
173534
173542
173586
173590
173593
173623
173628
173630
173651
173658
173670
173682
173730
173740
173754
173789
173792
173804
173832
173854
173858
173864
173866
173888
173923
173927
173938
173944
173963
173968
173981
173987
173991
173992
174032
174063
174077
174090
174102
174112
174126
174127
174163
174196
174201
174209
174215
174242
174260
174267
174274
174295
174308
174325
174329
174353
174361
174373
174379
174386
174395
174413
174426
174436
174452
174461
174463
174466
174503
174525
174533
174564
174571
174575
174592
174597
174655
174662
174714
174724
174748
174778
174789
174794
174806
174812
174817
174839
174845
174848
174861
174864
174895
174907
174928
174938
174947
174957
174964
174993
174995
175006
175017
175029
175032
175059
175069
175070
175080
175109
175120
175121
175122
175130
175133
175177
175185
175220
175232
175262
175268
175305
175323
175339
175382
175389
175398
175409
175413
175414
175428
175431
175455
175468
175507
175509
175530
175537
175540
175586
175600
175614
175615
175622
175639
175642
175662
175665
175690
175710
175752
175761
175778
175800
175801
175808
175827
175847
175856
175878
175883
175897
175925
175935
175942
175943
175945
175958
175979
175985
175990
176025
176026
176050
176063
176064
176079
176101
176118
176124
176131
176136
176137
176155
176159
176178
176185
176215
176219
176239
176240
176244
176249
176262
176279
176289
176315
176321
176335
176341
176357
176360
176388
176389
176409
176410
176430
176452
176458
176468
176471
176486
176500
176517
176520
176536
176538
176544
176566
176608
176613
176653
176671
176683
176690
176711
176716
176727
176731
176756
176773
176802
176806
176814
176827
176835
176837
176839
176841
176862
176864
176900
176904
176907
176917
176936
176940
176947
176949
176965
176967
176969
176981
176992
176998
177028
177036
177048
177054
177063
177083
177087
177125
177134
177140
177142
177144
177154
177161
177216
177221
177271
177277
177287
177368
177420
177423
177426
177437
177449
177461
177475
177482
177487
177493
177504
177526
177533
177536
177543
177557
177562
177596
177625
177635
177647
177675
177695
177727
177733
177775
177787
177806
177812
177828
177831
177832
177839
177851
177855
177858
177895
177896
177905
177906
177907
177913
177923
177927
177937
177940
177942
177951
177955
177974
177989
178025
178037
178066
178074
178100
178107
178109
178120
178137
178154
178160
178249
178251
178282
178310
178312
178313
178319
178322
178341
178353
178363
178390
178417
178449
178452
178463
178478
178487
178510
178529
178530
178551
178596
178610
178615
178623
178642
178649
178664
178678
178683
178691
178693
178713
178748
178759
178764
178768
178778
178787
178811
178835
178839
178876
178877
178878
178897
178946
178952
178983
179001
179008
179020
179030
179048
179069
179078
179089
179123
179127
179130
179137
179138
179151
179191
179228
179237
179241
179255
179262
179336
179339
179352
179392
179411
179415
179422
179423
179479
179481
179488
179498
179524
179533
179557
179579
179597
179599
179627
179633
179644
179666
179671
179673
179681
179707
179708
179715
179717
179731
179747
179768
179772
179781
179791
179807
179809
179824
179861
179864
179866
179869
179877
179991
180010
180019
180052
180060
180062
180082
180096
180099
180103
180115
180131
180138
180168
180190
180195
180206
180220
180243
180246
180271
180278
180288
180299
180303
180313
180317
180318
180339
180383
180395
180418
180419
180422
180425
180427
180439
180475
180477
180497
180512
180514
180522
180532
180572
180574
180599
180607
180624
180632
180636
180645
180656
180667
180680
180690
180695
180714
180725
180765
180779
180783
180795
180871
180881
180917
180928
180931
180949
180954
180955
180985
181008
181015
181020
181028
181054
181091
181096
181099
181118
181119
181129
181132
181139
181146
181152
181153
181165
181179
181200
181212
181242
181246
181265
181291
181307
181353
181363
181372
181384
181388
181405
181434
181435
181460
181466
181494
181498
181528
181530
181553
181557
181566
181578
181585
181597
181613
181628
181651
181652
181659
181661
181665
181705
181717
181723
181751
181758
181772
181776
181781
181782
181796
181814
181820
181822
181824
181838
181896
181912
181916
181940
181954
181964
181970
181974
181983
182006
182044
182054
182062
182074
182117
182142
182148
182158
182163
182177
182187
182189
182191
182194
182203
182211
182217
182271
182274
182288
182313
182323
182332
182342
182343
182380
182383
182390
182402
182414
182429
182460
182470
182474
182509
182511
182516
182521
182541
182545
182556
182570
182574
182590
182615
182637
182653
182655
182676
182677
182689
182699
182701
182703
182714
182715
182796
182810
182836
182843
182855
182856
182862
182863
182907
182918
182926
182954
183000
183011
183013
183017
183061
183081
183096
183111
183125
183127
183148
183151
183161
183168
183169
183186
183200
183249
183258
183264
183274
183279
183319
183342
183388
183408
183420
183445
183470
183523
183544
183557
183580
183594
183608
183610
183627
183668
183672
183674
183683
183739
183746
183747
183765
183772
183778
183781
183789
183791
183801
183850
183855
183869
183884
183887
183898
183945
183977
184009
184011
184018
184025
184046
184070
184081
184098
184101
184105
184112
184117
184120
184167
184169
184176
184178
184224
184245
184271
184285
184290
184303
184319
184378
184435
184440
184441
184454
184456
184471
184474
184477
184493
184502
184527
184529
184531
184542
184553
184569
184570
184583
184615
184630
184655
184659
184682
184685
184756
184762
184779
184804
184806
184833
184846
184871
184874
184901
184920
184948
184975
185015
185039
185041
185053
185057
185068
185072
185084
185152
185177
185180
185216
185267
185279
185283
185325
185338
185357
185366
185384
185386
185394
185400
185405
185407
185410
185413
185433
185455
185459
185480
185490
185503
185520
185522
185554
185556
185582
185584
185588
185590
185602
185603
185619
185621
185640
185670
185692
185706
185778
185797
185820
185832
185836
185846
185848
185859
185860
185870
185885
185896
185939
185948
186000
186006
186009
186014
186077
186087
186106
186112
186121
186145
186157
186163
186168
186172
186191
186202
186213
186224
186245
186256
186269
186272
186299
186303
186311
186328
186361
186365
186369
186375
186376
186383
186408
186410
186420
186427
186446
186452
186454
186463
186479
186488
186489
186531
186535
186539
186565
186575
186634
186648
186651
186666
186672
186682
186689
186706
186717
186719
186731
186733
186790
186792
186808
186815
186819
186824
186826
186845
186884
186905
186916
186932
186934
186935
186946
186977
186990
186993
187022
187025
187031
187034
187046
187060
187089
187098
187119
187125
187135
187138
187149
187158
187161
187164
187167
187203
187215
187221
187229
187272
187294
187308
187322
187327
187332
187334
187336
187346
187355
187376
187385
187392
187411
187431
187439
187447
187450
187479
187485
187492
187493
187505
187510
187553
187560
187563
187577
187581
187589
187592
187618
187625
187634
187649
187666
187686
187689
187693
187702
187703
187711
187715
187722
187746
187750
187790
187792
187793
187795
187802
187815
187830
187847
187870
187879
187901
187919
187921
187936
187937
187938
187972
187981
188047
188069
188073
188102
188108
188141
188148
188171
188242
188243
188246
188273
188274
188278
188279
188300
188325
188328
188331
188362
188382
188386
188391
188403
188409
188431
188436
188446
188465
188503
188528
188537
188561
188563
188564
188569
188571
188588
188610
188612
188615
188618
188643
188644
188650
188659
188669
188686
188694
188703
188729
188738
188741
188758
188763
188767
188779
188789
188794
188798
188800
188850
188861
188872
188877
188882
188888
188903
188909
188923
188925
188949
188950
188996
188998
188999
189013
189017
189027
189030
189092
189098
189102
189123
189143
189145
189173
189189
189194
189203
189251
189265
189334
189344
189346
189382
189404
189407
189439
189498
189528
189530
189565
189614
189634
189663
189665
189680
189702
189703
189759
189762
189775
189792
189794
189831
189832
189838
189843
189888
189897
189922
189924
189932
189941
190015
190020
190023
190027
190040
190044
190072
190091
190093
190107
190137
190151
190160
190174
190205
190228
190273
190290
190292
190293
190296
190297
190303
190319
190325
190330
190333
190384
190385
190454
190457
190482
190483
190488
190491
190497
190507
190514
190525
190531
190539
190545
190591
190610
190650
190653
190678
190748
190756
190759
190762
190772
190776
190784
190786
190822
190873
190885
190910
190911
190916
190941
190955
190961
190964
190968
190987
190997
191001
191013
191072
191088
191103
191118
191130
191137
191140
191146
191149
191161
191165
191177
191196
191202
191265
191268
191277
191318
191320
191324
191330
191342
191357
191380
191389
191393
191429
191437
191455
191460
191477
191480
191503
191515
191517
191520
191535
191547
191561
191571
191573
191598
191659
191665
191681
191754
191765
191776
191777
191779
191784
191789
191797
191803
191807
191814
191817
191821
191830
191832
191834
191841
191846
191873
191878
191889
191930
191932
191948
191954
191957
191968
191986
192002
192010
192014
192017
192022
192028
192039
192042
192053
192085
192128
192140
192162
192173
192203
192225
192226
192235
192236
192237
192251
192254
192257
192289
192302
192305
192309
192321
192323
192325
192360
192381
192386
192445
192449
192549
192588
192589
192602
192626
192644
192652
192654
192656
192660
192664
192666
192671
192698
192711
192713
192715
192735
192755
192773
192812
192813
192835
192845
192849
192853
192869
192878
192900
192932
192936
192939
192944
192995
19302
193026
193027
193047
193050
193081
193089
193094
193106
193116
193122
193125
193130
193132
193144
193152
193172
193188
193190
193246
193260
193285
193347
193365
193374
193375
193379
193385
193407
193416
193451
193459
193494
193511
193537
193553
193565
193602
193716
193720
193746
193787
193807
193815
193859
193864
193868
193871
193881
193882
193889
193895
193932
193945
193960
193998
194063
194091
194096
194097
19410
194102
194134
194140
194141
194161
194228
194247
194259
194276
194336
194360
194371
194397
194402
194404
194436
194456
194458
19447
194480
194490
194496
194515
194517
194526
194537
194573
194580
194589
194590
194608
194630
194636
194640
194660
194668
194686
194690
194717
194733
194740
194752
194759
194788
194804
194809
194813
194820
194829
194848
194869
194891
194901
19491
194920
194924
194946
194956
194970
194971
194980
194995
195000
195015
195016
195067
195075
195081
195096
195104
195124
19513
195144
195148
195161
195181
195212
19522
195253
195258
195318
195322
195337
195338
195372
195388
195398
195409
195416
195418
195446
195447
195488
195508
195520
195532
195540
195543
195554
195557
195562
195565
195568
195571
195602
195634
195635
195636
195686
195688
195690
195693
195695
195721
195727
195744
195748
195760
195767
195770
195789
195808
195820
195821
195843
195844
195878
195890
195891
195897
195904
195918
195946
195963
195994
196001
196074
196107
196117
196123
196125
196126
196158
196227
196234
196252
196253
196266
196280
196286
196337
196344
196360
196373
196385
196388
196395
196434
196480
196494
196502
196504
196508
196512
196514
196554
196564
196571
196626
196638
196649
196662
196673
196674
196678
196689
196707
196742
196758
19678
196797
196816
196828
196857
196858
196866
196891
196900
196943
196947
196963
197014
197033
197036
197042
197050
197054
197057
197058
197060
197093
197150
197176
197186
197189
197193
197200
197222
197252
197274
197286
197288
197311
197322
197325
197344
197369
197372
197377
197382
197399
197403
197414
197420
197430
197474
197496
197505
197515
197550
197554
197565
197577
197583
197600
197609
197613
197623
197651
197732
197749
197756
197767
197810
197816
197822
197826
197836
197860
197861
197875
197886
197897
197905
197907
197915
197918
197947
197967
197988
197994
197997
198000
198017
198028
198068
198091
198097
198103
198126
198145
198170
198183
198186
198196
198201
198206
198210
198223
198229
198231
198259
198265
198270
198282
198286
198289
198318
198349
198362
198363
198366
198368
198435
198452
198466
198478
198492
198493
198512
198513
198583
198587
198613
198654
198660
198668
198693
198700
198704
198708
198739
198751
198759
198766
198770
198813
198827
198841
198856
198861
198871
198884
198901
198953
198955
198956
19896
198986
198996
199005
199011
199018
199021
199031
199033
199058
199067
199074
199083
199116
199118
19914
199143
199172
199191
199193
199202
199212
199217
199224
199227
199233
199248
199266
199275
199277
199287
199288
199301
199336
199366
199374
199378
199392
199411
199419
199426
199495
199501
199513
199539
199545
199555
199586
199609
199657
199668
199689
199694
199698
199703
199713
199720
199739
199753
199816
199826
199829
199862
199884
199888
199900
199903
199915
199919
199925
199998
200009
200046
200047
200068
200089
200109
200117
200121
200153
200179
200194
200207
200217
200220
200246
200290
200294
200295
200316
200318
200325
200327
200352
200381
200400
200401
200408
200421
200426
200427
200445
200448
200450
200453
200471
200479
200517
200540
200565
200569
20057
200574
200593
200598
200610
200618
200671
200700
200727
200732
200734
200764
200766
200783
200802
200808
200819
200825
200834
200835
200863
200904
200916
200939
200947
200967
200973
201011
201017
201040
201062
201080
201092
201101
201117
201122
201127
201141
201145
201156
201159
201178
201179
201229
201232
201240
201247
201292
201314
201343
201363
201368
201404
201412
201418
201481
201490
201495
201505
201519
201520
201579
201595
201600
201613
201615
201635
201663
201680
201694
201697
201699
201700
201723
201729
201734
201764
201783
201799
201815
201817
201871
201872
201874
201908
201954
201959
201984
202027
202033
202044
202046
202060
202062
202069
202083
202084
202102
202117
202125
202139
202153
202156
202168
202182
202191
202203
202206
202207
202214
202222
202263
202300
202322
202339
202373
202384
202395
202416
202420
202435
202450
202466
202480
202508
202558
202560
202565
202606
202652
202662
202683
202692
202699
202700
202746
202752
202765
202872
202920
202922
202937
202950
202951
202958
202989
203004
203034
203051
203070
203076
203079
20308
203160
203171
203178
203181
203182
203203
203217
203233
203250
203264
203279
203313
203353
203376
203408
203435
203463
203482
203488
203505
203518
203523
203554
203558
203561
203572
203576
203628
203635
203653
203697
203715
203717
203761
203776
203784
203785
203814
203828
203833
203836
203883
203914
203924
203953
203967
203985
203988
204021
204034
204052
204113
204141
204158
204160
204209
204226
204235
204244
204283
204304
204314
204334
204337
204361
204373
204374
204377
204379
204387
204415
204470
204494
204502
204516
204527
204557
204567
204577
204585
204596
204598
204629
204648
204663
204678
204680
20469
204698
204729
204742
204745
204780
204796
204816
204817
204862
204908
204935
204984
205033
205068
205072
205100
205110
205152
205153
205188
205195
205249
205266
205333
205337
205338
205339
20534
205407
205482
205581
205659
205670
205675
205680
205690
205694
205711
205718
205737
205759
205803
205805
205810
205816
205865
205883
205895
205903
205916
205931
205940
205947
205949
205950
205953
205954
205977
205997
206008
206017
206046
206066
206149
206199
206206
206288
206297
206339
206357
206359
206362
206383
206392
206520
206546
206609
206619
206707
206721
206751
206775
206814
206827
206857
206869
206888
206889
206891
206923
206927
206951
206974
207025
207066
207076
207100
207116
207120
207172
207188
207246
207258
207284
207301
207335
207369
207392
207419
207443
207513
207537
207540
207561
207564
207578
207604
207621
207631
207658
207668
207685
207723
207733
207772
207807
207819
207824
207841
207853
207889
207917
20795
207955
207965
207969
207973
208018
208045
208046
208049
208066
208068
208109
208116
208117
208122
208163
208238
208259
208277
208347
208358
208402
208406
208458
208470
208503
208570
208584
208606
208608
208613
208630
208640
208662
208725
208726
208751
208761
20877
208785
208791
208798
208826
208855
208862
208875
208881
208893
208908
208915
208946
208967
209034
209051
209057
209085
209093
209101
209109
209146
209173
209205
209280
209291
209301
209320
209384
209415
209417
209432
209440
209443
20946
209460
209464
209476
209482
209529
20953
209547
20956
209629
209641
209642
209646
209650
209674
209691
209735
209739
209744
209768
209790
209792
209794
209808
209818
209826
209844
209894
209899
209900
209934
209947
209954
209955
209962
209968
209970
209993
210013
210020
210053
210064
210148
210150
210198
210275
210295
210310
210318
210338
210350
210364
210369
210377
210438
210444
210448
210458
210464
210474
210492
210493
210509
210521
210525
210541
210557
210591
210610
210652
210673
210722
210736
210794
210802
210830
210844
210848
210857
210866
210867
210875
210922
210926
210945
210973
210982
211013
211020
211032
211049
211051
211097
211112
211129
211154
211168
211199
211208
211215
211231
211239
211259
211273
211286
211331
211344
211345
211351
211385
211391
211392
211399
211413
211440
211459
211494
211517
211518
211531
21154
211580
211601
211666
211678
211683
211695
211707
21174
211743
21175
211798
211846
211860
21189
211938
211940
211968
212027
212041
212050
212068
212091
212120
212143
212162
212185
212195
212206
212210
212213
212252
212261
212286
212303
212407
212437
212465
212490
212491
212512
212513
212529
212578
212588
212600
212607
212661
212705
212760
212780
212803
212840
212847
212856
212888
212894
212895
212932
212944
212980
213002
213004
213008
213041
213076
213136
213140
213149
213152
213179
213191
213225
213226
213236
213258
213274
213277
213279
213291
213304
213307
213310
213334
213339
213351
213354
213366
213383
213391
213408
213416
213512
213620
213643
213668
213700
213714
213722
213734
213799
21383
213834
213842
213849
213897
213902
213921
213934
214008
214026
214031
214071
214087
214091
21412
214150
214215
214235
214236
214238
214242
214247
214275
214288
214303
214378
214385
214399
214468
214498
214503
214514
214541
214542
214546
214605
214627
214635
214689
214690
214691
214695
214731
214738
214781
214800
214807
214810
214816
214840
214868
214881
214923
214956
214974
214987
214994
215014
215039
215074
215115
215124
215182
215188
215219
215251
215323
215392
215395
215419
215423
215443
215453
215458
215479
215493
215503
215591
215596
215616
215618
215620
215624
215656
215686
215766
215789
215808
215857
215890
215892
215895
215896
215900
215912
215917
215926
215981
216001
216013
216068
216073
216093
216116
216129
216137
216149
216178
216214
216225
21626
216269
216292
216319
216385
216411
216413
216414
216473
216479
216540
216558
216572
216574
216586
216601
216604
216639
216645
216647
216672
216689
216734
216741
216757
216765
216819
216842
216845
216853
216864
216867
216889
216924
216948
216999
217006
217039
217043
217054
217125
217200
217201
217210
217241
217251
217290
217300
217302
217304
217380
217409
217424
217434
217439
217460
217467
217480
217517
217530
217545
21755
21764
217652
217661
217747
217775
217801
217802
217826
217848
217850
217926
217942
217962
21798
218009
218015
218068
218100
218164
218171
218172
218183
218188
218215
218249
218302
218312
218325
218357
21838
218382
218407
218415
218456
218490
218521
218542
218555
218650
218653
218676
218724
218729
218763
218764
218781
218835
218875
218890
218948
218955
218956
218957
218993
219054
219074
219117
219122
219137
219140
219155
219164
219199
219211
219220
219256
219262
219337
219404
219426
219446
219504
219519
219537
219546
219553
219611
219619
219632
219671
219687
219701
219745
219751
219757
219796
219835
219863
219869
219967
220001
220043
220054
220066
220104
220109
220115
220148
220168
220220
220237
220258
220283
220302
220333
220426
220445
220454
220499
220531
220558
220603
220618
220647
220656
220667
220669
220678
220690
220692
220694
220696
220729
220740
220754
220788
220821
220857
220874
220896
220915
220931
220978
220979
220984
220986
220993
221064
221078
221166
221172
221178
221233
221252
221281
221284
221312
221336
221366
221406
221417
221418
221428
221442
221464
221480
22149
221495
221532
221533
221534
22154
221550
221561
221581
221661
221672
221680
221694
221757
221797
221801
221947
221955
221977
222007
222011
222081
222089
22211
222130
222142
222199
222204
22228
222362
222381
222405
222434
222442
222445
22245
222450
222477
222478
222504
222506
222530
222532
222573
222596
222635
222654
222702
222745
222756
222789
222792
222800
222813
222829
222851
222866
222883
222966
223019
223075
223105
22313
223163
223212
223214
223242
223267
223275
223326
223327
223367
223376
223410
223426
223515
223548
223558
223566
223637
223665
223669
223705
223725
223730
223749
223763
223792
223811
223881
223892
223911
223921
223934
224045
22405
224058
224059
22406
224087
224115
224174
22418
22419
224198
224203
224207
224217
22422
224229
224234
224238
224277
224314
224357
224393
224406
224462
224466
224512
224531
224541
224559
224566
224567
224582
224598
22463
224632
224638
224640
224655
224699
224700
224711
224716
224752
224763
224785
224793
224799
22494
224969
224981
224998
22502
225053
225063
225064
225065
225135
225156
225165
225172
225193
225243
225263
225267
225272
225311
225330
225339
225385
225395
225399
225442
225456
225515
225516
225531
225544
225594
225623
225654
225660
225707
225724
225739
225746
225768
225809
225821
225860
225865
225894
225895
225927
225978
226010
226027
226032
226078
226081
226089
22610
226203
226215
226295
226296
226388
226441
226443
226452
226497
226500
226503
226525
226528
226535
226593
226608
226624
226629
226668
226696
226702
226802
226878
226883
226894
226902
226922
226941
226947
226956
226976
227012
227026
227065
227113
227119
227128
227210
227220
227232
227243
227253
227261
227266
227282
227307
227311
227321
227325
227332
227386
227392
227411
227429
22743
227458
227465
227466
227475
227515
227521
227529
227531
227540
227548
227594
227603
227608
227615
227690
227796
227823
227832
227864
227879
227890
227906
227943
227960
227968
227972
228043
228075
228140
228182
228216
228230
228254
228306
228320
228326
228346
228372
228386
228394
228395
228399
228446
228452
228456
228457
228493
228500
228516
228577
228592
228595
228598
228614
228649
228652
228659
228686
228696
228709
228724
228752
228764
228847
228873
228881
228899
228931
228960
229005
229029
229051
229116
229124
229126
229148
229225
229247
229259
229270
229296
229318
229328
22933
229337
229363
229375
229431
229472
229516
229636
229647
229656
229709
229716
229729
229731
229732
229741
22975
229769
229799
229803
229826
229939
229954
229983
230054
230095
230112
230126
230165
230200
230205
230215
230229
230238
230246
230248
230279
230329
230355
23037
230403
230438
230467
230478
230482
230503
230574
230586
230592
23063
230684
230685
23074
230767
230796
230806
230824
230858
230883
230904
230912
230919
230931
230936
230959
230961
230997
230999
231004
231148
231166
231196
231230
231261
231263
231284
231286
231315
231335
231342
231348
231472
231482
231491
231492
231507
231511
23157
231601
231604
231638
231770
231781
231793
231797
231822
231826
231832
231853
231865
231866
231919
231929
231931
232036
232060
232142
232149
232190
232220
232261
232328
232356
232388
232475
232586
232591
232650
232683
23275
232766
232787
232799
232801
232820
232914
232938
233033
233059
233117
233136
233149
233150
233197
233198
233280
233312
233322
23336
233362
233363
233366
233369
233427
233433
233461
233493
233495
233511
233533
233571
233727
233729
233740
233779
233781
233786
233802
233838
233923
233955
233994
234067
234096
234108
234135
234192
234195
234258
234259
234286
234289
234372
234397
234406
234470
234476
234508
234537
234570
234633
234640
234663
234690
234725
234738
234753
234767
234791
234838
234877
234891
234901
234970
234972
234976
234994
23500
235014
235062
235070
235095
235108
235109
235124
235136
235182
235195
235218
235271
235307
235334
235336
235431
23545
235485
235520
235523
235567
235638
235646
235661
235720
235732
235738
235743
235779
235786
23580
235847
235891
235892
235997
236013
236048
236091
236149
236157
236197
236222
236242
236247
236267
236276
236304
236379
236391
236396
236415
236418
236421
236427
236471
236481
236483
236503
236543
236601
236648
236676
236696
236731
236769
236804
236831
236834
23686
236861
236900
236907
236936
23698
236999
237024
237028
237091
237258
237262
237295
237298
237356
237386
237399
237428
237432
237433
237466
237498
237503
237523
237525
237546
237581
237582
237713
237729
23778
237811
237868
237903
237914
237943
237956
238002
238017
238073
23813
238144
238179
238186
238188
238246
238255
238267
238281
238342
238383
238384
238386
238405
238433
238481
238534
23856
238567
238574
238588
238591
238605
238673
238721
238787
238802
238816
238859
238899
238917
23892
238944
238980
239057
239058
239061
239071
239130
239155
239256
239284
239296
239303
239321
23940
239405
239409
239415
239450
239486
239511
239539
239577
239625
239648
239662
239753
239755
239805
239862
239864
239865
239877
239900
239990
239995
240030
240063
24008
240124
24013
240160
240172
240175
240183
240191
240229
240294
240357
240358
240374
24038
240414
240441
240448
240467
240468
240504
240517
240612
240628
240629
240638
240698
240755
240763
240767
240786
240810
240841
240900
240979
240988
240989
241013
241055
241126
241141
241153
241259
24126
241306
241350
241404
241431
241506
241523
241552
241580
241582
241607
241626
241633
241648
241688
241697
241731
241752
241797
241844
24185
241851
241852
241854
241880
241998
242080
242136
242138
242150
242221
242323
242341
242406
242434
24244
242464
242482
242517
242519
242552
242559
242589
242605
242616
242619
24264
242654
242670
242704
24273
242739
24274
242782
242804
242832
242871
242922
242956
242965
243019
243033
243076
243115
243165
243177
243190
243203
243233
243240
243243
243266
243322
243330
243367
243368
243380
243409
243410
243485
243567
243580
24361
243616
243631
24366
243660
243664
24367
243678
243723
243733
243743
243769
243786
243867
243890
243923
243929
243942
243981
244074
244115
244147
244172
244175
244194
244200
244246
244261
244268
244408
244413
244419
244478
244480
244522
244571
244580
244605
244650
244668
244688
244689
244698
244721
244749
244751
244803
244813
244817
244835
244856
244906
244910
244933
244945
244953
24504
245056
245073
245090
245121
245127
245173
245182
245199
245211
245226
24529
245297
245317
245333
245356
245361
245372
245402
245408
245486
245500
245525
245611
245665
245724
245866
245937
245975
24598
246038
246124
246156
246219
246258
246282
246367
246439
246463
246635
246687
246862
24688
246891
246900
246933
246949
246965
246974
246981
247024
247043
247053
247081
247082
247088
247090
247102
247115
247120
247156
247196
24721
247319
247328
247337
247379
24740
247422
247425
247445
247481
247483
247506
247507
247514
247515
247540
247547
247558
247580
247624
24763
247711
247731
247734
247752
247806
247846
247867
247869
24790
248010
248011
248057
248094
248145
248160
248220
248263
248288
248327
248404
248406
248445
248446
248476
248568
248600
248694
248730
248739
248748
248754
248776
248841
248876
248919
248929
248941
24896
248990
249039
249043
249046
249072
249087
249096
249150
249196
249254
249271
249282
249332
249347
249352
249382
249385
249409
249438
249449
249456
249463
249559
24961
249644
24968
249720
249727
249751
249814
249869
24988
249932
249948
249949
249956
250038
250040
25005
250054
250087
250117
250149
250165
250224
250226
250261
250322
250423
250517
250551
250583
250630
250648
250733
250736
250745
250770
250782
250804
250807
250821
250832
250853
250873
250918
250939
250967
250978
250988
251073
251091
251117
251120
251170
251239
25124
251240
251325
251346
251396
251521
251526
251585
251588
251603
251730
251786
251841
251890
251905
251908
251990
252013
252029
252058
252079
252134
252168
252217
252242
252257
252340
252392
252424
252431
252445
252457
252518
252563
252570
252616
252646
25265
252662
252708
252818
252842
253003
253006
253060
253135
253189
25319
253190
253250
253267
253357
253456
253529
253556
253581
253583
253596
253612
253616
253627
253716
253717
253759
253811
253814
253827
253854
253890
253973
254025
254148
254152
254167
254202
254218
254230
254303
254351
254450
254494
254547
254593
254620
254672
254680
254711
254767
254773
254890
25497
255004
255058
255117
255176
255187
255252
255254
255364
255406
255412
255424
255454
255456
255466
255476
255503
255543
255575
255586
255595
255685
255822
255824
255830
255847
255927
255928
255965
255978
255979
256051
25610
256179
256211
256253
256278
256294
256304
256356
256362
256367
256401
256417
256448
256466
256496
256504
256545
256609
256630
256649
256680
256723
256764
256796
256813
256864
256866
256908
256923
256970
256984
256992
257006
257017
257028
257033
257046
257105
257124
257126
257128
257148
257200
257250
257283
257395
257405
257421
257470
257509
257555
257557
257562
257597
257621
257728
257756
257758
257824
257849
257863
257910
257940
257942
257992
25806
258102
258120
258121
258126
25820
258231
258289
258298
258339
258364
258406
258425
258498
258509
258579
258589
258594
258641
258657
258664
258725
258730
258735
258775
258819
258827
258832
258836
258862
258869
258883
25894
258973
259010
259058
259087
259109
259131
259138
259169
259301
259307
25932
259323
259336
259351
259412
259425
259532
25955
259609
259646
259652
259673
259674
259715
259716
259727
259757
259788
259818
25982
259846
259865
259873
259972
260052
260062
260082
260084
260198
260253
260254
260265
260275
260327
260346
260387
260454
260496
260543
260549
260560
260617
260645
260761
260782
260833
260954
260977
260978
261012
261059
261198
261207
261241
261259
261278
261319
261419
261437
26145
261504
261584
261639
261646
261671
261688
261714
261839
261881
261899
261929
261943
261995
262024
262031
262043
262092
262118
262153
262233
262243
262278
262413
262461
26248
262502
26252
262579
262617
262634
262645
262656
262678
262681
262723
262758
262777
262818
262848
262877
263081
263110
263125
263150
263162
263200
263215
263220
26326
263300
263339
263398
263439
263444
263561
263568
263569
263574
263612
263650
263656
263690
263727
263728
263786
263796
263871
263886
263896
263908
263925
263984
264012
264016
264017
264025
264048
264055
264076
264098
264129
264136
264143
264166
264228
264300
264351
264453
264514
264527
264554
264663
264700
264722
264735
264758
264765
264767
264874
264876
264936
264961
265007
26502
265072
265074
265077
265097
265144
265148
265168
265190
265201
265204
265295
265361
265368
265371
265386
265426
26543
265434
265477
265518
265579
265604
265638
265671
265685
265706
265781
265786
26585
26586
265932
266019
266047
266062
266138
266316
266336
266345
266347
266400
266433
266439
266467
266497
266505
266565
266583
266598
266600
266631
266645
266646
266668
266674
26668
26669
26671
266780
266803
266828
266855
266860
266960
266971
26698
266983
267052
26711
26716
267181
267281
267412
267458
267464
26754
267583
267594
267661
267706
267796
267799
267843
267859
267879
267912
267915
267945
268022
26803
268039
268145
268205
268234
268258
268282
268292
268295
268315
268390
26842
268482
268520
268525
268598
268707
268722
268781
26880
268832
268893
268913
268965
26898
268996
269004
269015
269034
269045
26915
269168
269221
269246
269254
269317
269323
269353
269354
269355
269373
269430
26947
269485
269509
269548
269605
269620
269623
269681
269687
269705
269722
269723
269733
269763
269784
269786
269792
269799
26987
269890
270043
270079
270131
270147
27016
270181
270221
270276
270324
270379
270421
270437
270488
270495
27051
270535
270557
270599
270655
27067
270710
27073
27085
270859
27086
270889
270935
271000
271012
271075
271094
271162
271173
271243
271282
271312
271343
271354
271379
271464
271486
271493
271559
271610
27166
271665
271710
271756
271807
271836
271918
271927
271933
272017
27207
272087
272132
272166
272167
272182
272237
27227
272339
272372
27242
272425
272432
272442
272471
272476
27251
272551
272569
272587
272591
272669
272671
272715
272723
272729
272742
272752
272780
272792
272865
272944
272950
273010
273049
27305
273051
273088
273147
273187
273226
273239
273457
273465
273534
273675
273767
273796
27385
273869
273876
273884
273905
273989
27408
274106
274158
274200
274222
274228
274245
27432
27436
274363
274398
274424
27444
274445
274499
274502
274528
274545
27457
274577
27459
274637
274657
274680
274689
274800
274818
27484
274869
274883
274900
274907
274948
275034
275095
275100
275110
275154
275163
275197
275236
275244
275300
275338
275357
275366
275369
27539
275421
275446
275466
275507
275517
27565
275677
275771
275792
275848
275867
275880
275918
275924
275943
275967
276005
276087
276096
27614
276157
276165
27620
276213
276214
276218
27624
276276
276289
276309
276369
276418
276552
276559
27661
27663
276728
276759
276839
276868
276937
277203
277256
277347
277434
277455
277471
277488
277507
277533
277630
277647
27766
277695
277700
277708
277772
277777
277788
277858
277946
278006
27802
278021
27804
278076
278130
278141
278200
278254
278303
278322
278390
278391
278403
278404
278414
278442
27847
278515
278552
278553
278557
27856
278585
278632
278637
278736
278763
27881
278916
278926
278940
27898
279015
279129
279175
279231
279243
279323
279337
279340
279344
279440
279452
279472
279543
279580
279724
279833
279912
279914
279923
279996
280005
280030
280077
280081
280215
280292
280508
280519
280549
280567
280570
28074
280766
280901
280927
280957
280966
281012
281025
28119
281209
281219
281237
281315
28132
281384
281401
281412
281574
281608
281627
281647
281668
281685
281704
28171
281725
281743
281768
281792
281982
282023
282069
282155
282165
282172
282173
282192
282202
282313
282389
282398
282421
282461
282489
282553
282579
282643
282678
282701
282753
282779
282951
28297
283029
283037
283079
283092
283174
283227
283268
283281
283314
283342
28338
283416
28357
283587
28367
283725
283731
283737
283889
283921
283945
283969
284061
284078
284086
28419
284250
284277
284317
284343
284358
284477
284526
284582
284616
284629
284648
284651
284652
284701
284710
284716
284763
284826
284859
284871
284889
284895
284907
284916
28497
285000
285177
285200
285208
285224
285294
285335
285365
285367
28544
285570
285580
285610
285637
285657
28568
285692
28572
285742
285775
285787
285830
285832
285855
285858
285890
285897
285946
286026
286085
286166
286253
286352
286419
286422
286675
286730
286732
28683
286990
287008
287031
287092
287129
287160
287168
287229
287277
287317
287357
287372
28738
287380
287413
287436
287454
287547
287575
287581
28765
287681
287737
287821
287831
287833
287920
287927
287972
287988
288158
288216
288229
288353
288419
288440
288530
288557
288630
28865
288684
288829
288907
289148
289223
289224
289227
289228
289238
289293
289349
289390
289403
289405
289430
289442
289448
289517
289551
289572
289579
289605
289620
289636
289653
289707
28978
289804
28984
28987
289889
289890
289909
289950
28996
289964
289982
289991
290044
29019
290208
29023
290286
290290
29036
290429
290441
290498
290504
290578
29059
290624
290625
290660
290670
290688
29075
290754
290763
29078
290861
29087
290882
290922
290964
29106
291096
291167
291181
291232
29128
291300
291333
291414
29144
291494
291529
291569
291586
291676
291692
291746
291783
291789
291831
291854
291856
291904
291979
291998
292055
292110
292120
29213
292136
292217
292264
292285
292317
292380
292465
29254
292549
292569
292570
292603
29261
292710
29276
292774
292803
292816
292883
292946
292985
293017
293073
293104
29312
293136
29324
293324
293475
293485
293510
293594
293628
293726
293809
293899
293917
29393
293931
294121
294209
294263
29430
29433
29438
294406
29441
294420
294431
294434
294443
294451
294466
294547
294592
294605
294623
294642
294671
294672
294720
294760
29488
294931
295010
295055
295073
295099
295120
295127
29515
295166
29520
295254
29526
295279
295425
295494
295525
295538
29559
295591
295607
295662
295706
295737
295763
29582
295826
295896
29591
295939
29606
296090
296158
296212
296228
296372
296394
296450
296462
296466
296478
296485
296538
296594
29660
296858
296897
296982
296991
29702
297248
297266
297322
297449
297510
297551
297697
29770
297767
297906
29797
297991
298045
29810
298161
298227
298342
29841
298435
298449
298470
298510
298539
298546
298605
298623
298624
298635
298696
298699
29874
298753
298785
29887
298871
298885
298945
298950
298967
298995
299047
299119
299197
299215
299249
29927
29933
299347
299353
29937
299383
299508
299528
299536
299680
299725
29974
299831
299991
300008
30008
300099
30012
30014
300195
300275
300333
300373
300445
300497
30056
300584
300670
300679
300681
300687
30069
30070
300773
300812
300828
300838
300851
300915
301007
30101
301010
30102
301070
301080
30111
301124
301251
30126
301298
301302
301352
301359
30140
301408
301431
301514
301563
301568
301614
301628
301634
301694
301911
301915
30201
302149
30219
302195
302229
302239
302312
30237
302406
30246
302570
302584
302604
302606
302661
302677
302679
30269
30271
302712
302903
303090
303092
30310
303121
303129
303155
303170
303176
303177
303187
303211
303240
303426
303440
303521
303579
303601
303619
303637
303652
303677
303692
303704
303725
303781
303867
303942
304001
304074
304082
30412
304143
304175
304223
30424
304252
304299
30433
304512
304530
304605
304695
304699
304779
304833
304838
304864
304871
304872
30494
304955
304957
30509
305090
305129
305145
30529
305304
305319
305327
305348
305379
305423
305474
305541
305609
305619
305781
305834
305874
305935
30597
30612
306122
306156
306309
306352
30636
306361
306388
306420
306496
306504
306538
30656
30661
306633
306639
306678
306693
30680
30682
306868
30690
306908
306985
306993
30713
307133
307134
307149
30725
307267
307294
307353
307375
30740
307468
307520
307543
307589
307640
307643
307693
30772
307724
30776
307761
307767
30796
307973
308077
308082
308087
308144
308171
308239
308241
30827
308275
30828
30829
308296
308365
30840
30846
308498
308499
308647
308673
308689
308739
30875
308764
308770
308798
308812
308857
308924
308945
308955
309017
309028
30908
30912
309131
30917
309170
309178
309196
309212
309311
309348
309463
309466
30951
30958
309582
309590
309620
309778
309903
309932
309955
309990
310049
31008
310085
310175
310197
31023
310260
310355
310429
310483
31053
310531
310545
310639
310655
310885
31095
311015
311101
31115
311184
311231
311259
311288
311293
311311
311350
31137
311376
311395
31141
311446
311478
311489
311523
311534
311551
311569
311570
311603
311631
31171
311743
311826
311863
311920
311974
312052
312055
31208
312088
312206
312232
312271
312286
312351
312372
312403
312446
312477
312485
312500
312552
312631
312667
31267
312766
312818
312845
31285
31286
312923
312939
312985
313045
313132
313170
31327
313297
31341
313444
313445
313473
313479
31350
313635
313730
313786
313817
313830
313852
313873
313914
313945
313956
314007
314068
31411
314164
314369
314373
314375
314440
314464
314482
314539
314567
314645
314649
314739
314798
314819
314823
314871
314890
31493
31501
315037
315081
31510
315130
315135
315203
315287
31532
31540
315437
315449
315470
315476
31558
315640
315671
31577
315877
315971
315984
31606
316184
31621
316271
316304
316323
316337
316438
316470
316524
31657
316582
316589
31659
316606
31661
316627
316688
31670
316702
316793
316820
316841
317019
31709
31714
317185
317311
317313
31740
317434
31752
317580
317625
317660
317690
317733
317809
31781
317846
317988
31801
318025
318046
318056
318061
318168
318259
318280
318351
318360
318382
318415
318450
31848
318483
318612
318644
318647
318822
318865
318891
318912
318918
318982
319027
319052
319079
31909
319205
31924
319271
319280
319303
319366
31964
319758
319831
319883
319962
319993
319998
32000
320012
320027
320071
320077
32016
320183
320294
320305
320422
320425
320451
320465
320510
32059
320615
32080
320811
320833
32086
320862
320877
321024
321223
321247
321274
321313
321369
321403
321426
321435
321456
321494
321529
321709
32172
32174
321764
321787
321824
32184
32185
321851
321865
322025
322044
32207
32209
322092
322144
322183
322585
322658
322691
322770
322789
322799
32280
322840
322866
32289
32290
323054
323069
323120
323164
323212
323229
32326
323309
323385
323497
32356
323584
323636
323639
32365
32367
32372
323798
323810
323829
323833
323887
323919
323963
323985
323987
324023
324046
324053
32406
324231
324284
324311
324386
324421
324445
32446
324469
324505
32452
32454
324550
324655
324685
324854
324960
325033
32510
325159
325179
32521
325217
32528
32533
325373
325374
325385
325461
325509
325537
325538
325596
325658
325744
325762
325775
325802
32587
32593
326005
326048
326104
32616
326232
32627
326283
326292
326352
326587
326640
326701
326903
326931
326936
327060
327079
327112
327120
327164
32719
327203
327258
32732
327406
327435
327573
327766
327797
327902
32798
328011
328013
32805
328118
328119
328167
32819
328199
328216
328227
328228
328239
32825
328301
32846
32855
328581
328610
328734
328881
328906
328937
328981
32899
329144
329170
329172
329174
329222
329288
329341
329425
329426
329432
32948
32950
32954
329635
329654
329791
329797
32989
329948
32995
329980
33001
330080
330087
330142
330144
33016
33021
33046
330535
330543
330715
330724
330774
330802
330836
33084
330850
33087
33114
33115
33117
33121
331237
33124
33126
331374
331395
331498
331539
33155
331569
33157
331649
331650
331702
331806
331861
331863
331960
332125
332154
332155
33219
332194
33223
332249
33230
332409
33241
332465
332489
332657
332689
33272
332763
332884
33289
332928
332975
33300
333052
333070
333197
333301
333304
33331
33342
33355
333636
333838
33386
333910
33394
334032
33404
334096
334105
334141
33423
334267
334277
334291
33432
33435
33436
334365
334366
33440
334418
334421
334422
334456
334593
33460
334693
33474
334744
33487
33493
334984
334991
335015
335067
335124
335177
335223
335248
335276
335376
335400
335439
335481
33551
335522
335542
335569
335605
335655
335701
335846
335878
335902
335950
335997
33604
336042
336101
33611
336162
336167
336274
336320
336326
336423
33644
336508
336523
336543
33658
336624
33673
33678
336848
336951
337001
337065
337195
337239
33725
337266
337276
33731
337424
337505
337575
337778
337825
337908
33794
337944
33795
337953
337995
338033
338042
338089
338162
338242
338281
338432
33860
338611
338717
338740
338833
338836
33884
338948
33895
339025
339029
339099
339116
339196
33931
339346
339388
339423
33943
339442
33945
339482
339518
339547
339602
339644
339677
339738
33975
339772
339814
339897
339921
339954
340094
340126
340171
340217
340269
340288
34037
340432
340543
340580
340591
340605
340651
34066
340665
34067
340755
340763
340797
340885
340899
340917
34111
341204
341239
34125
341294
341368
34161
341631
341632
341638
341643
341672
34169
34173
341760
341762
34178
341797
341814
34186
341943
341954
342049
342121
34218
34235
342400
342414
34242
342434
342458
342480
342510
34254
342575
342634
342642
34266
342730
342765
342768
34278
34292
343052
343061
343068
34307
34309
343121
343242
343333
343476
343519
343579
343591
343631
34364
34366
34378
343982
344014
344060
344073
344094
344200
344275
34431
344381
344415
344436
34446
344519
34452
344592
344624
34465
344696
344698
344804
34493
34505
34506
345066
345122
345157
345253
345310
345339
345420
345450
345459
345577
34568
345697
34572
345730
345734
34574
345779
346081
34616
346189
346341
34637
346478
346605
346736
346783
346871
347000
347025
347074
347088
347112
347136
347189
34722
347248
34739
347391
34744
347445
347491
34761
347623
347653
347829
347867
347873
347890
347993
348059
348092
348131
348152
348287
348326
348430
34845
34848
348533
348592
34862
348771
348867
34887
348886
34895
348960
348986
349148
349151
349156
34916
34918
349198
349212
349230
34943
349434
349534
34965
34973
349751
349826
349951
34996
34998
349986
350103
350106
350131
350169
35034
350387
350400
350510
350525
350538
350550
350759
350824
350850
350917
350977
351262
351324
35136
351416
35166
351731
351757
351760
351770
351772
351902
351952
35204
352045
352080
352089
352105
352156
352188
352277
352317
352426
352430
35245
352451
352542
352614
352640
352797
352849
352971
353031
35306
353083
35314
353263
353317
353479
353524
353542
353550
353687
353696
35370
353787
353824
353871
353881
35406
354230
354236
35429
354351
35448
354493
354496
354520
35459
35468
354691
354923
354948
35507
355124
35520
355236
355313
355320
355431
355459
35546
355468
355536
355559
355700
355712
355756
355781
355850
355856
355918
35595
355954
355978
35603
356231
356250
356286
35633
356347
356410
35644
356823
35683
356861
356882
356934
357118
357145
357173
357223
357233
357348
35743
35751
357596
357619
357939
35805
358121
358259
358355
358373
358382
358434
35855
358628
35864
358655
358668
358677
358740
358747
358753
35890
359001
359049
359067
359131
359155
359367
359389
359397
359808
35985
359854
359972
359988
360032
360077
36011
360186
36020
360224
36023
360401
360494
360527
360593
36064
360689
360743
360761
360770
360814
36085
360879
360884
36091
36104
361138
361219
361278
361280
361390
361405
36147
361497
361608
36186
361951
361978
362006
362059
362067
362068
36222
36251
362617
362623
362654
362679
36270
362775
362787
362815
362835
362873
36296
36314
363253
363257
363298
36340
363405
363418
36423
36425
36440
364491
364548
364631
364657
364782
364803
36489
364899
364946
364952
364986
365009
365307
365328
365350
365410
365430
365465
365516
36556
36568
365739
365745
365871
365881
365907
36592
365996
36601
366088
366089
366109
366139
366154
366180
366204
366421
366425
366483
36651
366533
366618
366842
366876
366889
366929
36699
367020
367037
367209
367216
367240
367260
367334
36741
36779
367819
367904
36801
368014
368140
368256
368355
368561
368570
368586
36876
368797
368832
369027
369084
369131
369164
369188
369258
369367
36943
369438
369522
369643
369667
369734
369781
36989
36990
369902
369907
36999
370032
370057
370119
37019
370209
370242
370261
370274
370498
370509
370548
370549
370675
37070
37072
37085
37088
370990
371103
371408
371576
37170
371886
37210
372130
372149
37232
37238
372525
372665
37274
372793
37284
372898
37302
373043
37306
373099
37314
37315
373216
373231
373403
373432
373448
37345
37353
373545
37359
373593
373628
373699
373903
37394
374116
37429
37435
374423
374474
374763
374764
37482
374833
374983
375079
37514
37522
375221
375313
375502
375526
375606
375698
375703
375807
375833
375931
375980
37599
376016
37618
376393
376416
376455
37646
376474
37650
376548
37655
376683
376700
376755
37688
376957
377017
377018
377107
377113
37718
377322
377401
377405
377414
377622
377692
377725
37778
377798
377815
37783
377850
378009
378036
37805
378126
378272
378418
378426
37848
378546
378581
378585
37869
378723
378922
37894
37898
379070
379246
37932
379376
37939
379522
379525
379672
379710
379797
379798
379883
379917
37997
380086
380268
38032
380357
380390
380498
380899
380922
381030
38122
38145
381510
38158
381581
381679
381741
381769
38189
381965
382078
382199
38223
382242
382245
38238
382532
38257
382583
38268
382688
38274
382859
382882
38321
383300
383352
38353
383566
383670
383715
383885
38389
384276
38430
38434
38444
38455
384627
38468
384774
384787
384959
385177
385183
385251
385266
385330
385357
38540
385520
385583
38573
385793
385959
38603
386120
386236
386299
386461
386492
386568
386726
386773
386806
386962
387063
38707
387074
387521
387540
387663
387669
38772
38819
388225
388252
38848
388594
388672
388725
38876
388885
388946
38918
389182
38925
389270
389279
389456
38946
38948
389725
38973
389792
389856
389942
390243
39026
390348
390369
390537
390746
39089
391016
391074
391114
391257
39128
391312
391349
39137
39140
391403
391495
391585
391591
39182
391936
391937
39207
392082
39212
392167
39222
39248
392502
392518
39257
39263
39264
392668
392812
39302
393122
393376
393456
393673
393691
393702
393715
393762
393829
39388
393962
393965
39398
394191
394356
39464
394645
394690
394708
394765
39477
394927
39493
394954
39518
395206
395297
39551
39581
39590
395997
396099
39623
39640
39667
396722
396758
397346
397606
397752
397877
397962
397995
398019
39803
398130
398166
398220
398397
398480
398575
398874
398931
39895
398959
398988
399008
399088
399117
399123
399296
399449
399455
399531
399601
399705
39986
400061
400074
400195
40021
40024
400287
40032
400356
40052
400535
400943
40103
401069
401134
401203
401241
401273
40142
401473
40151
40165
401762
40190
402016
402089
402124
402136
402230
40230
402363
402522
40255
402718
402748
402771
402812
402848
40299
403027
403061
403107
403118
403121
40323
403344
403471
403489
403519
403681
403788
403965
404062
40432
404661
405172
405177
405281
405284
405601
405713
406328
40641
406491
406518
406641
40666
406664
406734
40690
407436
407714
408012
408208
408229
408318
408328
408385
408417
40856
408585
408813
408988
40909
40915
409172
409173
409189
409246
409282
409443
409464
40955
409622
409815
409902
410009
410034
410114
41017
410199
41021
410216
41035
410351
410439
410446
410509
410615
410632
41099
41100
411037
411047
41115
411238
411273
411595
411604
41163
411700
412017
41210
41223
412379
41281
412933
41294
413110
413365
41356
413699
413720
413846
41385
413870
413930
414056
41411
41414
414166
414448
414599
414791
414910
414916
41493
414991
41506
415167
415266
415500
415578
415706
415755
415922
41610
416103
416165
416506
416541
416745
41680
416946
41721
417227
41737
417543
41763
418176
418617
418640
418645
41865
41879
41888
418901
419712
419984
420040
420081
42026
420351
420526
42069
420842
420973
42100
421010
421132
421200
421228
421350
421474
42162
421633
42166
421837
421871
42251
42279
422836
422933
42298
423311
423453
423605
423883
42401
424340
42478
42488
424934
424988
425127
425444
425502
425622
425816
425830
42623
426263
426350
426431
426589
42703
427055
42706
427248
427320
42740
427422
427437
427474
427475
42750
427515
427541
427744
427770
427812
428251
428299
428420
42850
42857
42881
42893
42894
42900
42901
42902
429281
42959
429696
42972
429832
430151
430195
430278
430336
430340
43064
430672
430710
430930
43103
431245
43150
431515
431551
431745
432204
432480
432824
43290
43311
433325
43354
433580
433592
433602
433624
433682
434081
434102
43467
434710
43479
43501
435266
43533
43535
435356
43546
43556
435638
435835
435836
43587
43607
43608
436198
43627
436361
436431
436651
43705
43711
43712
437161
437200
437318
437458
437566
437825
437940
437994
43819
438321
438427
438429
438587
438696
43878
43904
43909
43921
439263
43937
43959
439777
43998
440129
44013
44041
44047
440934
44121
441227
44142
44159
441949
442116
44216
442359
442478
442656
443336
443377
443508
443546
443701
443809
443858
444134
444554
444725
44489
44493
445365
445382
445480
44559
445758
44623
446390
446647
44671
446724
446894
446947
44712
447144
447210
44728
447488
447554
44780
44789
44793
448026
44807
448841
448862
44907
449101
449172
449376
44942
449578
44983
449925
450141
450200
45037
450695
450770
45093
451019
451327
45156
451603
451742
45186
452353
452402
452640
452963
45319
453233
45363
453663
453686
453983
454024
454076
45427
454321
454585
454717
454950
45501
455379
455399
455469
45564
455665
45599
455995
45604
45612
45613
456430
456592
456665
456736
45702
457070
457162
457357
45737
45741
457453
457710
45776
45795
45796
458168
45857
458609
45868
45880
459189
459192
45937
459465
459556
45975
46015
46019
460259
460322
460356
460408
46091
461484
461725
461929
46221
462964
46322
463601
46366
46385
46395
46401
464484
46449
464552
464621
46492
465326
465334
46537
465725
46577
46580
466458
46677
46691
46706
46743
46746
46756
467759
467936
46836
469005
46920
469263
46947
47012
47039
470486
47072
471768
47178
471876
471990
47203
47218
472344
47235
472411
472517
47270
47284
472861
47298
473133
473206
47341
47343
473449
473547
47392
47403
474229
47444
474568
475322
47534
47541
475775
47589
47621
477083
477345
477867
478277
478354
478373
478457
478836
478972
47902
479179
479296
479406
479600
48029
48034
48063
48087
48093
48099
48121
481258
48160
48189
48195
481987
482082
482096
48214
482211
482677
48268
48280
48317
483201
48343
48358
48384
48393
48413
484475
48456
484879
484911
48520
48549
48553
48574
48585
485944
48597
48610
486194
48634
486436
487751
487770
48779
488459
48846
48853
48855
488706
488720
48894
48915
48935
48947
48976
48988
49020
49027
49028
490332
490645
490871
49092
491000
49105
49115
491214
49154
49156
49159
491607
49230
49249
49255
49275
49296
49298
493034
49325
49340
49358
493732
49398
49414
49424
494371
49469
495288
495366
49539
49570
49593
49647
49657
49665
496743
49683
496856
49687
497039
497414
497525
497788
49794
49795
49819
498267
498411
498833
49893
49921
49996
499971
500068
50048
50053
50092
50096
50119
50120
50149
50162
50163
501671
50178
50191
50197
50215
50223
502633
50316
50380
50408
50411
504423
50459
50468
504725
504871
50490
504941
505168
50524
505365
50563
50567
50610
50626
50648
506830
50707
50746
507492
50753
50783
50791
50818
50934
509364
50941
50990
510072
51063
510643
51089
511231
51148
51150
51185
51198
51216
51233
51240
51260
51284
51286
512864
513100
513440
513719
51392
513977
51415
51461
51494
51543
51646
51662
51664
516701
51687
51700
517995
51854
51916
51961
51973
51979
51985
52012
520231
52090
52098
52131
52151
52184
52187
52199
522241
52240
52262
52263
522881
52291
52401
52433
52498
52505
52532
52565
525848
52596
52630
52654
52724
52728
52732
52738
52750
52753
52765
52776
52781
52822
52839
52849
528618
52870
52921
530099
53063
531055
53114
53147
53206
53220
53232
53271
53285
53292
532969
53306
53355
533660
53367
53373
53448
53470
534775
53481
53482
53497
535027
53540
53553
535740
535762
535852
535869
53612
53702
53703
53707
537222
53768
53774
53776
53777
538099
538193
538243
53833
538583
53874
539019
53905
53956
54022
54038
54065
54098
54102
54159
54164
541755
54260
542610
54269
54271
542762
54298
54310
54314
54318
54341
54342
54363
54377
54422
544319
54440
54465
54472
54553
54560
54566
54583
54595
54608
54611
546118
54614
54639
54651
54670
54701
547108
54780
547931
548361
548568
54861
54897
54911
54953
54978
54985
55048
55104
55139
55176
55191
55237
552529
55263
55272
55294
55314
553405
553588
55360
55363
55377
55390
55395
55457
55465
55567
55608
55614
55720
557349
557359
55764
557805
557853
558344
55844
55849
55854
55860
55861
558752
55894
55899
55912
55946
55950
560313
56071
56072
56080
56121
56150
56213
56236
56248
56299
56317
56365
56419
56460
56482
56483
565313
56551
565769
56588
566066
56613
56651
56658
56664
56741
56750
56820
56841
56915
56924
56962
56964
57092
57151
572285
57233
57298
573446
57366
57371
57408
57423
57435
575172
57534
57593
57600
57617
57629
57637
57640
576645
57679
57691
57711
57827
57852
57855
58037
580591
58065
581025
581128
58124
58150
58326
58350
584259
58440
58447
58471
58535
58547
58683
58700
587310
58751
588484
588739
589155
58949
589809
589838
590204
590522
59056
59083
590941
59159
59174
59184
59200
592029
59287
593246
59380
594187
594194
594521
59460
59469
59584
59660
59664
59792
59840
598995
599057
59916
59948
59987
60001
60070
60087
60135
60227
602513
60269
60331
60358
604045
60409
60414
60449
60459
60548
605504
60552
60594
606111
606347
60639
60668
607118
60722
60726
60751
607658
60783
608441
608881
60949
61062
61127
61287
61298
61308
61343
614113
61518
61523
61559
61708
61710
61735
61777
61791
617917
618130
61838
61850
618808
61885
61898
61956
61989
61996
62082
62143
622192
62327
62345
624006
62419
62428
624572
62539
62593
626493
62701
62726
62834
62854
62865
62932
629900
63042
63081
63105
63225
632271
63234
632733
63322
63338
63503
63516
63574
635913
63596
63633
638116
63861
63925
63927
64102
64112
64156
64253
64292
64421
644278
64506
64520
64544
64563
64631
64632
64658
64667
64671
647591
64874
64875
64940
65018
65072
65098
651702
65225
65249
65278
652784
65291
653215
65325
65353
65382
65390
65478
65479
65481
655066
65535
65545
65584
65624
656488
65663
65738
65740
65757
65876
65942
66095
66172
66208
662460
66278
66304
663291
66384
66414
66432
66440
66473
66544
66561
666014
66619
66687
66692
66788
66883
66893
66934
66935
67001
67019
67083
67151
67153
67187
67198
67222
67229
67240
67243
67244
67306
67311
67317
67320
67339
67433
67444
67603
67666
67671
67716
67725
677398
67765
67779
67791
67874
67928
679853
68015
68021
68073
68080
68111
68268
68302
68326
68330
68346
68358
68393
68452
68493
685955
68620
68684
68729
68748
68781
68798
68840
68879
68896
68898
68899
69235
69236
69249
69251
692831
69345
69372
694105
69477
69481
69495
69510
69596
69727
69730
69739
69757
69758
697806
698039
69887
69905
69911
69955
70021
70034
70037
70055
70100
70160
70209
70234
70240
70261
70282
70377
70439
70447
70505
70554
70584
70668
70737
70754
70796
70857
70985
71009
71046
71075
71145
71269
71283
71376
71385
71388
71457
714597
71467
71489
71592
71609
71691
71738
71807
71865
718736
71996
72036
720428
72055
72143
72257
72294
72338
723746
72375
72393
72425
72442
72443
72514
72520
72591
72618
72621
72630
72744
72776
72791
72808
72812
72886
72887
72896
72922
72967
73023
73047
73069
73070
73117
73134
73161
73199
73257
73266
73296
73333
73402
73413
73433
73461
73471
73493
73514
73522
73541
73679
73684
737315
73820
73883
73928
73968
73988
74040
74056
74194
74263
742903
74305
74389
74422
744929
74501
74593
74631
74660
746660
74685
74706
74749
74784
74984
74991
75012
75073
750972
75140
75171
75235
75257
75313
75387
75417
75435
75454
75541
75594
75615
75619
75640
75654
75673
75742
75755
75759
75763
75785
75804
75826
75867
75885
75993
76044
76075
76081
76107
76128
76131
761800
76206
76268
76286
76417
76449
764638
76482
76487
76491
76493
765214
76534
76571
76625
76728
76845
76855
768659
76878
76978
77009
77072
77102
77132
77143
77146
771836
77218
772919
77313
77322
77357
77370
77373
77391
77392
77404
77443
77462
77498
77521
77572
77634
77660
77661
77698
77764
77792
77884
77927
77953
77975
78020
78022
78181
78261
78273
78283
78374
78375
78401
78488
78507
78528
78529
78605
786418
78662
78707
78786
78923
78954
789600
79001
79011
79077
79078
79089
79160
79190
79303
79324
79436
79464
79483
79488
79521
79529
79586
79646
79661
79662
79702
79864
79874
80026
80123
80145
80149
80179
80220
80303
80356
80392
80411
80451
80479
80485
80557
80576
80621
80655
806552
80666
80680
80927
80933
80945
80978
81010
81132
81145
811615
81169
81232
81253
81259
81286
81413
81468
814850
81497
81534
81535
81605
81648
816750
81786
81794
81846
81859
81961
81965
81973
81993
82008
82050
82061
82067
82091
82161
82242
82393
82488
82497
82508
82521
82561
82566
82578
82623
82628
82676
82699
82720
82726
82783
82797
82823
82847
82906
82910
83066
83103
83141
83231
83311
83315
83407
83411
83413
83444
83451
83508
83545
83601
83610
83704
83748
83774
83783
83791
83800
83822
83827
83891
83912
83922
83953
83984
83993
84119
84130
84141
84154
84231
84250
84294
84319
84428
84433
84587
84661
84673
84726
84737
84784
84788
84790
84801
84817
849067
84924
85001
85019
85021
85057
85109
85139
85341
85374
85382
85384
85399
85420
85423
85440
85492
85508
85566
85572
85604
85632
85668
85783
85799
858091
85815
85942
85982
85995
86009
86019
86143
86150
86153
86268
86298
86308
86321
86483
864960
86505
86557
86618
86643
86646
86681
86709
86745
86750
86797
86837
86849
86912
86939
87018
87032
87052
87076
87131
87135
87169
87205
87207
87209
87218
87239
87282
87300
87310
87317
87402
87467
874728
87487
87490
87504
87515
87520
87535
87546
87556
87569
87584
87632
87745
87757
87771
87858
87867
87891
87943
88020
88073
88145
88215
88231
88269
882849
88373
88440
884434
88500
88513
88528
88545
88564
88572
88594
88638
88676
88787
88808
88824
88856
88879
88909
88926
88973
89003
89040
89041
89083
89089
89154
89160
89172
89202
89211
89226
89259
89295
89334
89360
89413
89451
89487
89495
89598
89622
89625
89652
89655
89686
89698
89705
89734
89813
89814
89852
89991
90017
90042
90051
90113
90275
90290
90308
90393
90406
90409
90446
90525
90526
90533
90579
90582
90636
90705
90729
90737
90752
90787
90860
90872
90896
90907
90928
90956
90992
91039
91093
91103
91121
91124
91141
91163
91189
91251
91257
91262
91278
91316
91317
913447
91355
914061
91417
91447
91453
91475
91506
91571
91585
91608
91639
91666
91667
91670
91674
91683
91716
91726
91733
91819
91857
91882
91893
91931
91972
92003
92028
92141
92143
92162
92179
92353
92374
92440
92462
92469
92475
92531
92565
92609
92649
92717
92795
92847
92852
92863
92898
92943
92968
93017
93021
93034
93056
93127
93131
93140
93169
93174
93211
93213
93225
93235
93283
93287
93326
93394
93449
93461
93511
93557
93585
93604
93605
93639
93663
93690
93699
93717
93762
93806
93973
93977
93985
93997
94036
94041
94064
94071
94090
94128
94145
94156
94186
94208
94210
94214
94235
94268
94314
94323
94331
94342
94345
94358
94413
94448
94492
94529
94565
94706
94746
94774
94809
94819
94826
94869
94873
94880
94939
95049
95079
95082
95108
95155
95246
95256
95298
95329
95336
953588
95388
95423
95428
95455
95465
95471
95530
95551
95552
95630
95634
95636
95639
95644
95647
95653
95661
95680
95708
95725
95835
95862
95864
95872
95875
95918
95923
95967
95984
95989
95997
95998
96016
96061
96062
96076
96099
96115
96129
96130
96154
96170
96178
96219
96244
96245
96260
96299
96321
96354
96415
96459
96460
96480
96483
96497
96564
96609
96645
96652
96660
96678
96705
96718
96732
96748
96773
96798
96840
96844
96854
96862
96866
96869
96921
96975
97030
97054
97075
97136
97159
97165
97176
97180
97189
97197
97212
97213
97214
97254
97261
97279
97281
97295
97306
97355
97359
97405
97470
97472
97541
97554
97614
97654
97676
97680
97683
97688
97723
97743
97771
97847
97883
97925
97933
97950
97952
98005
98010
98015
98035
98044
98080
98114
98168
98170
98209
98211
98227
98283
98320
98360
98361
98466
98524
98549
98561
98572
98590
98630
98642
98644
98659
98719
98725
98735
98769
98776
98779
98806
98815
98823
98828
98867
98881
98886
98900
98921
98941
98954
98975
98979
98980
98984
99014
99064
99065
99106
99127
99131
99146
99156
99185
99199
99203
99208
99212
99220
99233
99237
99254
99280
99297
99316
99328
99340
99349
99357
99373
99385
99401
99408
99462
99470
99479
99497
99516
99548
99549
99554
99568
99591
99651
99665
99666
99679
99682
99695
99697
99699
99761
99783
99829
99830
99838
99844
99849
99897
99902
99927
99928
99970
99971
99999
