1004132
1006330
1002270
997572
994091
1005532
1003417
1001963
999504
1008452
1000572
1002290
999113
1006512
999119
998939
996445
994574
1002777
999842
1009918
990667
1009243
1006021
1007774
997853
996306
990646
999544
993017
999249
994838
1003773
988313
998254
999254
997700
1001718
1001694
999349
995984
986679
995451
1001237
991131
1001095
997010
1011035
997574
1003273
992927
1011233
986693
1000549
995901
1010819
993688
990124
1008796
1003035
1003896
994898
999767
1002522
1006874
1002224
999513
1002052
996794
996033
994881
998537
1014866
991620
1007110
993780
995141
1004222
1003391
992372
1003270
989717
1002708
1004439
999433
1000713
990368
993558
1009211
995868
997321
1000058
997798
995925
999677
1000248
1007046
1002603
998206
997759
1005278
1002728
998977
997456
989775
994855
1000159
1011764
1003050
997431
1002707
1002319
993510
1009646
992852
995129
998098
1006542
1001423
985467
996258
991212
998686
994328
990956
988498
998185
997527
1004429
1002112
993247
997134
1000365
992543
1004606
993532
1000797
995080
1000789
1006276
998081
994261
983951
995849
1009287
1010956
999964
1001524
997032
996794
1001812
995952
994229
1008240
1007129
999456
999796
992548
1001996
995124
1000079
1001802
999271
1001504
998492
999001
996818
980173
990674
999017
992247
994904
1017717
1000521
1000914
1007081
1004624
993114
993790
1015139
1000590
996202
999579
1010648
1004562
1007669
1010477
1014700
1009593
1002599
996043
999306
1006644
1005997
1003130
1009934
992015
1006458
997006
1001870
998122
1007190
1001693
1000259
995312
978428
999269
987845
998196
996741
991315
1011260
995020
996481
1003595
997900
997698
1011780
1000801
1004691
991976
998803
1012910
996698
996598
999897
999131
1000556
1009858
1008874
1006485
996602
1000082
1010484
1001805
998172
996487
997175
991552
1000580
991225
1008136
995020
984181
983615
997180
999973
993761
993058
994083
993795
1009157
1001171
996591
998749
997994
999938
994691
1001065
1006357
996309
1001069
991653
1008033
995897
1004728
1000608
1000449
996945
1005562
1004201
1010700
999918
1005507
994980
1001540
990784
991866
1003564
995719
990372
994998
1000838
995266
999940
989320
994793
991686
1009642
999087
992966
999270
993791
1011349
1006104
999632
1004402
1007325
996509
1000326
1000199
991471
999934
990840
1003793
988490
1001473
1003952
1009661
1006004
1007739
1002170
1007519
1001890
996080
1005690
995693
993754
1001475
1011340
1009997
999587
990147
1005333
1001771
997158
999187
1003600
998451
990805
991055
1002929
989766
1005291
982653
999365
1011393
1000585
1001400
1006635
1002423
1000784
990241
1003687
1006030
1015844
1001614
996133
994792
1006808
1002691
1011377
1003387
1000582
999562
1006745
1000947
999748
1003144
1000533
1005639
995850
999838
1009894
1005966
1005382
1005507
992132
1002405
1004831
989337
990699
992051
994655
1005713
1004617
1006964
1002473
995560
998427
994275
1013509
1003715
1003373
997387
1005838
1002275
1004601
991478
1007249
1003112
1000826
995408
1007739
1008608
999434
993873
1009405
1003183
992714
984091
1003926
1003525
1005262
992239
993720
994743
1011256
1001087
994494
1000708
995184
1006638
989386
995983
992676
999842
991694
1003393
996442
1005158
1009022
993520
1001786
998362
997646
996820
1004747
1013504
1001505
996022
995054
991326
1001145
1006800
991840
994840
994667
1007331
995965
1004299
995375
993869
1000477
992044
999927
1007227
1006774
1003438
995086
1003998
1000159
997206
984401
986767
997912
989517
1000002
1006878
999345
1000996
985998
991874
1001915
1004981
999727
1006588
1011118
1005311
985424
1003488
994659
999134
1003535
996067
996720
1000804
996591
998052
997873
1002743
1003609
1001914
997349
1007983
1003917
996485
992361
1013433
1002248
998386
997535
996424
999101
998581
1003276
1000327
999983
996893
1000035
1007931
1005436
1005091
998484
995437
1000464
1005590
1004321
997345
1007196
994217
1000037
1003285
997264
986575
988022
990031
993182
1012278
1001751
1000998
996614
999299
1004906
999306
999751
1002318
995179
997608
1002575
998335
998010
999965
995833
998275
994122
993447
997548
994314
1000906
994166
1007766
997378
1005375
998744
999214
994712
1007470
988534
1006094
1005996
994912
1001352
988362
999442
1001010
997639
1000178
1010001
995043
1010023
992128
992263
992624
997857
1009073
1003576
996312
1005977
997519
1006022
992159
984680
1002883
1000343
996271
991911
1000976
996357
1001480
1001725
1007311
1013696
995563
1002527
998596
1005457
1001323
999116
997372
1000639
1007345
1002718
1002273
1000606
996969
1002568
998107
1000103
996456
1005921
995634
1004166
1002138
1003186
1004397
991692
998863
997718
997873
1001127
990960
995527
995590
1008129
991342
995187
1008201
993407
997686
1012091
999174
1004320
995843
1007771
1008685
998337
996255
1006992
996799
991060
996426
994117
994809
1000362
1003306
1007752
996560
992810
1001112
996501
998924
1001490
1001538
1002577
996641
1006416
991448
1000559
1000681
1005774
992370
995626
987008
1000869
998895
1010078
982653
998106
1007239
996969
1001139
1002364
1000453
1000410
1008107
999493
1000109
1003718
1007371
994702
1001549
996651
995668
994572
1001845
980841
977904
1015331
993944
1008339
1002268
1000525
991245
996416
1001928
998579
1003702
987241
1000740
1009129
1006405
994537
1005832
1003678
1003478
990678
999787
997587
988841
994880
1004517
1000943
1005412
996953
998547
994660
993859
1001624
995217
990878
1007351
1000329
991736
988933
1001026
1004293
999753
996881
991227
996449
1008597
1007581
1009853
992235
997044
1017328
993168
1003226
1000344
989120
1004304
1004935
995709
984682
993713
1006617
1005389
1005656
1002326
997465
1011949
1010005
1004655
992426
999556
995322
1016134
998263
1000670
994752
984216
993742
1001466
1007441
991614
1007869
1003674
1002802
999886
999507
1000110
988313
1000765
993013
991574
995641
1002371
998516
1008911
987919
1006300
991462
1006039
991447
996861
1003451
1006025
1008519
997761
996537
1000512
1001761
992303
991783
994490
1003916
996759
994247
1001347
997922
996097
1004771
1001681
998871
989244
1006827
1004859
999754
1004298
1009326
1004515
1004867
1009325
1001723
991341
995437
1004163
996401
1001164
992187
994644
993519
1002854
1001168
1011457
1008217
1000100
997691
995523
1001149
999773
993360
993261
994996
998473
1002805
989504
994948
995025
993656
1000930
998716
1004986
994474
999118
995322
994277
996963
1004534
1003420
1000910
1007819
986730
991573
1003547
1004478
1006965
991876
1004984
1005190
993183
992794
1005451
1002955
1007241
1005544
998556
1009168
1005845
1000701
1004027
1008290
1006574
1006883
1006330
990636
1002103
1006036
986578
1006797
1004660
1002653
1006486
1009013
995727
1009110
996734
1000553
998411
1005322
1003765
1007647
993193
1001058
992328
999214
999288
998216
996593
996396
995345
1004057
994484
988853
993784
1004298
1010819
1007869
994690
1007061
993233
1011970
1005144
1009231
993950
993886
998720
995845
995228
997451
994982
1007403
997905
1003070
1007097
999018
994257
994747
1004461
999744
996945
988689
998840
990396
1006459
1001246
1003672
1008593
991645
995067
1008087
1009369
996745
1004447
1010091
1005519
1000637
993904
1003228
1000199
996356
997538
1002393
1014459
1008886
1004430
1008195
991428
1013256
1003697
1002201
993480
992720
1002045
1002534
1001391
1005820
1004905
1007319
1002635
1000530
1000180
990927
993825
1001116
995975
1005126
1001542
995264
996842
996745
1002290
1002313
998269
996588
1014410
984529
1001364
1004562
996001
995628
1006604
1000540
990387
1003911
1003968
993468
996185
1005741
1006109
1000372
1000108
1006772
1002839
981630
1003939
1001281
1009680
1006721
1001695
994363
991395
999422
997724
1007564
1008413
1002524
1002500
993938
1000272
995195
994872
998954
997066
989986
1005091
997370
996434
996928
996935
994554
998965
998563
1001577
996352
1001702
997061
1006001
1000821
996539
997112
1002148
1003918
1003131
993083
990666
994586
1003817
1010334
1002352
1004494
1001326
994966
1001107
987948
1014882
998339
1006998
1004866
1005660
1004416
1009832
996794
1000441
1006750
1006913
1005920
998902
989474
1006590
992408
1004988
1004134
986900
1000715
998804
1002592
1011850
984650
999572
998695
1004701
1007271
988810
1013091
995140
997870
998931
1001648
1000089
991509
996004
1004121
998601
999603
992961
996810
993719
997791
1005759
996041
1002899
995697
997337
1008933
1003071
991137
998693
1000389
1005038
1005034
999340
1006207
1003320
1011611
1004382
994284
998112
1000364
998404
1002827
1001902
1000367
995320
997289
993676
1000878
1007481
999898
1007047
992761
1012829
991399
993871
1005884
1002156
1004255
1004559
992571
998284
1004069
1009240
1001788
994481
998211
998622
1007318
990762
1003951
1002634
1008371
994119
996183
999252
1008955
1006818
1004088
988358
992395
993856
998513
1000806
998086
997653
990938
998679
1008980
1007240
1001164
1005015
993542
999889
997011
1007200
1006303
982771
997436
993486
1003740
1008203
1010056
991425
995815
997954
999553
989253
1000565
1007702
1003158
995354
1004530
993283
1009626
1007277
990112
1007636
991114
1001855
1007102
1005012
987224
993208
1009816
987882
1006200
1000887
1005515
998589
990267
1003409
994886
1006046
1000377
1001942
993966
999057
996068
1013523
1003156
998939
996255
999821
1002340
1000234
992379
1005907
1010239
1001916
1007428
1003996
1002649
1008527
999897
1013143
1010762
997894
995328
1002712
1001794
1003952
994822
996491
999132
992313
995312
991319
1008667
988113
1005397
1003196
1003292
1003270
993141
1006104
1000021
990509
1001970
1002092
1001273
1007628
1005628
990506
994740
998886
1006442
994451
996043
1003241
998557
1001911
1001540
994663
986867
1003332
1001771
1008521
991950
998327
1000783
991266
1001457
995693
1002843
1003868
999486
1010044
992731
995397
1003198
989431
1001249
1004807
1001980
997760
1009938
996374
1009620
1008771
993182
989052
1001181
1006861
1008215
1003200
1002158
1004777
994256
997749
1007903
994228
1003496
1004364
999146
985298
1007720
991648
1000643
1002333
1004633
1000981
984659
995142
1002230
1012974
1004449
992605
1015595
995630
987517
987622
994273
1013065
1000021
1003671
999803
1014994
988233
1005868
1003564
1003106
1002209
1004806
999462
984985
1000120
1002471
999401
992699
1007436
1007245
1002778
1004618
1006287
987603
1000688
1004287
994157
990794
991239
990540
1001232
994125
1004379
997707
994956
1009351
989714
997917
1002388
1005520
992001
992457
1013618
1005342
993771
1000951
1006001
999752
999084
999587
993969
1000979
999779
1000967
998606
997065
993807
998819
1003800
993754
1003848
1010912
994508
1004468
1007913
989580
1013471
1006270
996805
1004804
1001488
999824
994042
997020
998861
1001573
997237
987553
1012152
1004227
1003822
989612
1005364
995581
996209
992549
994872
1001701
997715
999807
1004748
989888
998266
1005144
999259
992871
1000953
1000318
1000677
997410
995717
1010758
990957
990671
1010438
999599
999542
1004297
989979
1004383
996571
1000032
995392
995722
1007733
992868
988990
1000283
991321
1007551
1006471
988238
989653
993265
1002315
996867
999102
997084
1000827
989162
994411
993818
1003387
1010297
995599
999621
998344
994264
1006507
1002694
1002075
1001599
993308
1001995
998707
991164
1005504
1003402
1004994
998347
997227
1002118
987576
1006041
991855
1008037
1004325
1017203
1001045
1004598
1000827
992016
997452
1000877
1002585
1008611
1003793
1006896
988848
1006110
995940
1014912
1008247
991049
1004542
996881
985740
1003250
994642
1003897
1006694
1010697
1003535
990709
999215
999512
990501
1004470
1003362
1006609
993231
996299
1010259
1005821
994598
990404
1000568
1003748
995679
1003954
996934
995857
997659
996447
994586
992002
1005700
1002526
998768
1002928
998419
1008861
1013883
996329
993009
1007389
1008910
994709
999921
991864
999264
994328
1011402
1001544
998878
1006791
1001348
1001333
1000650
994020
1007424
1002143
1004522
1010635
997072
998193
994598
991403
986761
991073
1000374
999181
1007984
996548
1000611
1009333
989456
995193
1007397
1001958
991220
1009428
996894
1002256
1005283
1003519
994912
1008600
1001283
992860
1000390
989512
997280
987998
1003990
991149
1001544
997716
1008376
1003637
1000206
999601
1001321
1001625
1006149
1004697
996379
1001506
1003850
1020318
986547
1002705
1001757
1005660
995889
1004263
1007367
1006682
999735
992593
1003111
1006940
1007697
999768
1007989
1006981
994027
991688
998279
1016892
1002309
995760
1003104
1002593
998349
999601
990800
1007951
1005831
1006579
998156
1003351
1004314
997335
998682
1006746
997879
1000471
996099
1003191
998870
1005897
998081
1002260
1001591
1001180
1001897
1017153
1002531
992506
988346
1000042
1011013
998008
994407
998644
1002324
1002402
990482
1001803
1007161
1007184
997790
1004706
995180
999628
1005939
1004598
1002917
1009355
995179
994223
1010265
1009280
993918
994831
993538
1010506
1005059
989512
998455
1000739
1003513
996288
1001488
996616
996994
1004333
1007050
997024
1000584
999578
1000183
998948
994964
998245
997009
1003471
1001438
996004
999260
997136
1004137
997500
1000957
1007545
1008962
1009859
1007173
1005578
992931
1008311
995469
989831
1011260
996958
1002162
996579
997029
1003137
996191
1000172
990219
1005844
990209
992568
1003555
1001317
1004357
998743
1007849
989474
992413
990855
1004649
1001041
996654
1009888
994468
999917
1000660
988077
1007355
1016457
999223
986069
1005437
985540
999307
996250
991675
1002905
993634
996524
992398
989833
1006443
997717
997645
992431
1003263
1002796
1005897
1007817
991927
1005568
1008957
990632
997796
1000113
1002105
1000476
1008391
989262
1007262
1013304
1002130
997527
998494
999362
1009497
998078
1005782
994144
1008741
997742
997659
993275
1009865
991904
1010138
994681
984646
995311
998420
1002927
1005753
1011074
1006493
1005859
996207
995796
1002549
991838
991485
997205
998110
999229
995881
1000752
1001044
996533
1000270
1007067
990598
994754
990169
1001980
1005392
1001329
1005984
1005520
1004332
994997
984625
988943
998540
990710
1003252
991714
1002222
994822
1008503
1004386
1002583
999221
1001291
1005522
997060
985975
1010459
989288
994604
1009474
1003524
998430
1006672
987774
1007906
1002659
1002416
1002643
1007897
1000268
1000583
994055
1004664
1005168
991949
1006588
1009256
1007641
1008282
1000839
989143
989909
998774
1011098
997073
993251
1010387
1005051
1002233
996388
1001572
1004752
997145
993388
998867
1002655
995429
1004261
1010147
999853
993949
1008881
1003383
1009227
993688
998851
998540
998759
1004793
998244
992294
993716
996183
1005470
996383
995502
1008605
988451
1005168
1007747
1001756
998247
1007356
996481
1000579
999769
1000379
1007403
1001302
990722
1001885
1004325
999856
999115
1000438
995115
1013159
999716
1005376
991857
995143
1005458
995305
1000879
994647
1001356
1004829
989154
1000635
1018803
1000656
1003162
998663
1003774
997888
1002793
1005977
996420
995062
1007282
1002392
999323
997375
1003472
994298
990211
1006150
990973
1000699
1003391
993562
997889
1004857
998405
1007768
1004927
998182
992060
1005421
994276
1002389
1001403
1007905
1012749
1006688
997858
994714
996834
998273
998642
1004126
988399
1003218
1004758
991942
990531
1005614
1015320
1005298
1010026
993845
1001753
989513
997614
1003030
1003857
1008939
1008463
996409
1007774
1000076
1010273
994387
997164
998583
