987681
1001135
1001752
1002391
998520
1000214
999608
1003308
991527
993808
999439
1000430
997543
1001442
1012544
993540
997882
1002035
1009131
990014
1009796
989826
996196
998792
992672
1004358
1003367
1006547
996908
995809
1000018
1002514
993822
1013087
996092
1002493
998439
990087
994360
1004172
999501
996173
1010405
1005408
1001138
1002635
996937
1013362
1007544
994419
1006479
1003918
1000716
994869
1001423
999637
1001037
1000089
1001534
998285
1003986
1005458
1009126
1007716
985849
1006680
998247
997062
997497
1001014
998533
1004686
999938
1000869
1001613
989056
996347
998547
995903
998848
994274
993014
995997
995142
999103
1014963
989934
999834
1002002
1010282
1006288
998060
1009849
1000085
1008314
1007868
996883
1004394
998733
993485
1006331
994942
999989
1002527
999138
1002055
1004485
999476
1004867
1012871
991696
1010418
998831
1011107
1003367
1006535
1002459
994300
1001042
1005726
1004909
999470
998136
997103
998453
1008626
990045
1007592
1009256
995050
998209
1004987
1000899
997397
1000194
1001728
1001203
1008678
999313
1007968
989329
1010455
1004963
989646
1002876
999885
991020
1007265
1008535
1001113
1005681
1005677
994572
998874
1002688
998985
995940
991894
996511
998707
1006069
1005436
995120
997903
1003722
1006667
1011712
989358
989597
1004354
1006460
1000245
998449
1004230
999974
1010443
996849
1002929
994140
995158
1002997
998602
1014133
994523
995056
1001863
996020
1006028
992597
999199
994946
994980
1006462
1008380
999971
1003668
994352
1001163
1017030
998426
1011412
994190
1012730
995442
998382
1002652
994780
1002779
1001730
1004083
1003510
997297
1004961
1002684
994268
991091
1001359
1001905
1013671
997759
1004385
997734
1004876
995651
1003758
1003377
997275
1009494
1003875
1004481
999152
1001276
996097
1006628
1009084
1000310
992786
999103
1011056
1002855
997967
1004638
990424
1001341
997434
1004975
988019
995498
1001730
995870
1002714
980796
992201
1008109
994270
994745
996031
999672
1008910
1004209
1005553
999315
1004051
991138
1002057
988869
990452
993824
1003227
998159
994973
992458
1002397
1010126
999564
1016946
997090
996423
1001274
990043
1004461
995852
997455
994148
1010509
998898
1010376
1010050
1007372
1008009
1001691
1008920
1000891
995169
1000111
1011961
994500
987854
1012406
1004138
990680
999014
1008829
1001967
1007514
1003667
997808
1000994
1000549
992739
995559
999913
1006628
993276
1013159
996671
988901
999189
1000185
1005185
1001243
1000674
994167
999114
1004331
1000930
1001204
992970
1009231
1007354
981543
1006657
994400
1003355
1002534
1006634
995163
1008549
1005522
1000337
1007049
992179
999244
989056
996866
996176
1001081
1001153
1001268
992653
1004536
1001156
1000401
992422
1000648
993223
988973
996585
1006394
995340
991155
997483
1006563
1003222
1007502
1002587
999042
1005226
994109
1010435
992531
999151
999455
1009083
995127
1000421
994796
997019
994669
998843
996531
1003633
1002991
1008337
993002
990075
997573
1007104
1008918
992021
1001811
1001899
984812
999507
994968
996955
997204
995033
1007445
992432
1006597
1016260
994774
989555
1007621
991525
996917
1002008
999129
1006487
1004021
993489
995787
998167
995039
992557
1009646
1001502
998006
999302
1010595
1002934
995296
988756
1003182
998076
1009350
997782
992544
999197
998204
1008703
1003078
1008129
994430
993276
1011493
1008953
994772
990376
1008464
1004757
1003944
1000009
997069
996205
998248
999172
1009168
1008465
1001477
998346
998085
1002979
992778
989695
1008521
996456
1012003
1001335
1002419
998523
996725
1003944
1009159
991984
1006096
1004286
999359
994759
1013211
992922
999810
992926
1002686
1007522
1002025
1009429
995135
993415
1005056
1001049
1003097
998284
999051
997521
1003793
985897
1005443
1000126
999731
997400
1004770
995563
1000268
995339
999871
998872
989604
994828
996767
992355
1001344
996729
990700
990298
984329
994911
1002966
1004051
1000328
1013316
1013374
1001382
1007349
1002966
997894
994571
1004649
996719
1002397
998168
1001726
998633
1010311
994813
1012024
1003566
991272
1008992
1001250
995766
995017
1009771
997264
1006674
991799
999119
1001162
1010950
1001458
1004129
1001036
994883
1000262
1011192
1008132
994842
994650
1005927
988768
1005842
1003068
1002050
1002413
989027
997842
987952
998040
987008
997512
992249
999254
998665
1000988
998888
988683
1003717
1003296
1006622
1004384
995072
997186
1001066
1009910
995791
1004973
1007061
987234
1003990
1004263
1002760
992624
1015293
990058
995321
1003719
995782
1001098
997783
995767
992612
994264
988979
987719
1009931
1000166
1003893
984973
997863
991992
994654
989272
1003350
1003791
993479
1011039
1000298
1008785
998896
1001227
1001442
1006016
991068
993874
999036
1000235
993212
993586
1005480
1005839
996389
1002386
1002533
999096
994891
1007834
1004438
1005823
993836
1002979
996120
1003988
998942
997796
1007309
1013010
991855
1002062
994295
986171
992331
998675
1010710
995994
999640
999223
989997
1008162
997905
1003697
983390
1007871
996381
1005187
1002463
1003488
995468
1002697
988700
1007693
1012295
1013147
998865
1004343
1004936
1005395
1014571
997304
1008179
993143
994608
1000059
1003527
997837
1000680
1000026
1007431
991976
1013951
995405
999952
1013670
998631
999181
998227
1000135
1004112
999264
992905
1006054
991807
994533
1004665
1006307
1000985
1009140
988480
1005215
1002671
996917
1009606
1008272
996614
1003583
1000842
1012576
998589
993414
1012415
1000434
1000277
1008763
1001808
1004525
993731
1000558
1004233
1001823
997234
1001738
1006881
1003607
997483
1000015
1001692
1000460
989998
992283
997667
991960
1009013
1001398
1000101
984328
995526
1000204
1001957
991432
1001576
995993
1001987
1012386
1004423
1007450
1001069
992401
1003777
1002563
1016126
997185
1013413
990808
997085
1001225
994191
1000806
1000757
994202
1006931
998452
1001492
1003462
996138
1012081
1011240
990200
1006889
1003911
1000943
999816
992549
1001129
997835
996292
1000133
1008633
994805
996261
995284
1007342
1005047
993743
1005230
995182
1002389
995792
1002246
993886
998577
1005461
1006789
1006216
996974
997281
1001403
1006218
997802
997014
1002142
995481
1017334
997807
997318
998797
1005434
999746
1004453
1004090
996343
989915
987460
1003680
994911
994388
1002257
1002159
1000087
993158
1010317
1000501
998151
1000867
986373
992909
1005140
992042
1000009
997114
1005720
1003631
991157
981914
1010770
995423
1002282
998037
1010853
993788
993771
1008453
998064
996524
996617
998529
1011265
1002829
990015
1015454
994155
1005585
1004341
1000301
1001551
1007490
1000777
1009157
996870
1003171
995964
1004362
1005108
995404
992714
1000635
1000318
993736
1011558
999147
1001321
991061
988324
1007269
992737
1007363
1001226
996958
995476
1000521
1001396
1006525
993645
1005299
999617
1007044
985894
1001117
1007528
994653
997299
996346
994545
993762
994713
1010422
995101
994715
995928
1003811
996878
1011939
989300
1000927
1007146
1010972
1003367
994456
1011120
1001403
993925
1006118
993708
1002225
1002772
1013622
1004490
1002255
1004800
997996
1001023
997447
996942
1006071
1000356
1009308
1004610
1014944
996809
987800
1000342
1006237
995784
998460
1004646
989988
1000680
1005266
992107
1000786
999409
1008160
1001592
1002520
995454
993881
997541
988214
997305
998069
996743
1002913
992175
1001004
1008971
997900
983340
997284
1002969
986918
997121
993259
995259
1011139
995827
1005100
992189
999633
995036
992686
1007882
1002647
1002394
1001387
988864
1002765
1009996
1010555
1006218
1009848
997291
1001972
992628
1005423
994416
997078
1002039
1007998
1001471
993731
988035
1000447
993983
991613
998803
1007466
999940
1001089
1002588
992282
1003726
1000600
996064
1003372
997089
1002429
994751
1001998
1009095
992528
989905
1001804
993877
1017618
995585
1000398
1005612
993519
1005584
987729
999952
1006982
993486
1002271
990174
1008503
999990
996727
1002842
996168
1002370
1002784
991693
1004592
996927
996580
1000139
1005826
1005314
995896
1005859
1000278
998784
998287
991622
998432
1009911
999843
1001422
998765
999278
1003520
1007876
1004161
1001242
1007128
1002392
996492
1011215
1000979
995505
1006046
996132
997267
997187
997346
1002314
1004569
991612
1000705
1013738
998014
1005447
1010485
1013934
1004088
1011014
995315
1000033
1006095
1001590
991331
993552
995533
1007097
995410
999845
995701
991372
991479
995683
1001764
997130
993982
1004999
1008170
996909
999802
994602
1000810
1001431
996008
1001872
996126
998422
1005914
1008706
1008980
1007637
989925
1000303
999270
994627
993086
989428
997809
1006096
1005087
1003891
1000650
1003945
991171
1008106
993290
1000321
1001395
1012664
999132
1003704
994654
996452
1002169
1002671
1003228
1008606
1002787
994128
1002929
1004561
998923
992772
993685
1006395
1004269
991599
994311
1001441
1000366
995617
992354
998360
994749
1002531
1014022
1000353
1003987
1000621
1002650
1002819
986296
999543
1006075
997195
1000545
1003274
997831
1002364
991842
1003012
1000637
1006648
993251
1000021
1012515
995325
1001677
1003846
988425
1005331
1007197
999567
1012601
999322
1003566
1006291
1004300
1006595
997360
1003288
1001267
993777
1007071
1018116
991984
1002740
998975
998401
995694
1004910
994801
1007348
996861
995209
992988
1006380
1001322
998260
1004427
993170
1003705
1001672
1008881
1006322
993469
1004480
1007031
1004813
993335
996290
1000714
997262
1001464
1002950
1000544
1000781
990637
1007714
996973
998773
1009736
997998
1004915
996604
990795
992663
1004438
995138
996106
990824
999161
1006373
990398
999727
987823
1005967
1001871
1005069
991763
999915
994229
1008938
1002538
999379
994451
997978
1004724
1003357
998077
998850
1000151
1008076
990288
993007
999598
994938
990171
1001974
1003999
1011969
999377
1011634
1000921
989674
985321
1001760
996871
995717
1013947
1000758
1004107
1002278
1002747
999004
1002231
989087
1005039
1007567
1003746
1011870
991203
1005302
1005064
1000226
1007122
1005369
1001086
1001571
999232
1001126
995739
997350
995557
996264
987746
995431
997543
991471
1001848
1003375
1006094
993431
994116
998519
1003674
996313
993240
1001712
1000948
996400
1005412
1001819
1013137
995143
1003222
994484
995855
991833
991241
1002706
1004877
1002156
1005863
997408
1002658
996764
993811
1006612
998892
1002038
994835
1003009
1001000
1010710
996608
986224
989847
994723
1006386
995860
1006255
994793
1013099
1007552
1009170
995925
997016
1000663
1006343
998728
1009542
1009037
993827
1004124
1015471
989489
1000378
999125
1001888
1002937
995764
1008230
999401
991545
1002708
997132
990808
999815
1003847
1004782
998779
997022
1006674
993085
994455
993464
990945
1001495
1004125
993579
1005071
1006514
1003156
1003481
994972
1005876
999696
1004910
996957
1000591
992066
1012254
996421
989679
998999
995311
992467
1005004
1000105
1001585
1004414
994071
999858
996672
1005225
998325
993917
995669
998871
993795
992798
1004508
993952
992438
1001442
1001119
998893
996420
1007340
1000694
992048
1001272
1004054
1016713
997258
994084
996737
989847
1002379
992472
1002839
997457
995276
997165
999087
992573
994542
996111
991311
997655
995605
993074
1011060
986805
1008224
1001005
999708
1004009
997924
1000596
1014975
987680
1001159
1005660
1003991
1013753
984498
985244
1000844
1000977
1001139
1003183
994046
998108
999506
1003808
1000894
1001885
1008800
1003835
1002137
1003546
991047
1002099
1004416
1003938
1003390
999068
994936
1008593
987607
1004238
1003604
994656
991114
996175
1005884
998615
995140
998839
999095
1002647
982174
999664
1011068
998324
997385
1000625
998958
997909
1003654
988712
994972
996490
1002052
1006519
995467
997143
1008262
1003290
1004994
1009689
997726
997922
996472
995186
1004397
985217
1002001
1002395
1002684
1010700
998328
988482
1001810
1002474
991368
1005697
1001791
999587
995282
995388
1000939
1001807
990996
994673
998424
1000520
1005130
1002168
1006169
1002637
995257
997433
997044
1002316
998904
1008506
1012607
992312
997538
1007303
1005347
1006028
1008291
1014681
1008138
994627
1003272
994777
997300
1000568
1009553
1000307
1003052
994526
994014
1005554
998872
997825
1000136
1001539
1007956
992918
1009277
994549
1004569
1004881
1005791
1001059
993953
994662
1003960
1004692
1002514
997733
1003833
1006713
992948
998506
994314
997251
1003434
1002528
1000890
995874
994754
1003377
1009047
993225
993528
999450
1002978
997447
1009310
998566
994749
1004624
995756
1002515
998587
1000183
1008136
991463
996662
1001234
1006477
995272
997853
1013338
996180
1004712
1000815
992437
1005473
990629
1011598
999868
1000201
1008825
1000994
994937
998470
999375
989036
990811
997301
991968
1001807
996719
1000927
1003641
1002420
997320
1001101
1006845
984043
1006313
1003152
997319
1003654
1010272
1004131
1004866
998397
997734
1000021
998672
1010598
1003504
1002359
1012529
1009791
992227
1000799
1003371
999068
997950
1010673
991198
993585
1001279
1000792
992873
999535
995006
999049
994626
997533
1007176
1009527
1006630
994696
991582
992815
997901
1002272
994894
1000127
1001844
1004787
999257
999265
986927
993293
1007041
997525
995218
1004989
1013973
995792
989933
991025
983444
992809
995842
988321
1003312
998880
998589
996545
999292
1006181
1000144
988400
992220
1009092
998595
995725
1004567
1000031
989123
1010066
1007576
995517
999297
1007776
996143
1000843
1004502
988689
1013550
1006741
997620
1000232
994182
995256
1003015
993476
1001472
997732
991119
994953
996905
1012382
998143
1000242
991110
1002568
995038
1006531
1007057
998850
993157
999669
1003338
1000473
998691
998234
1005127
1003021
1004681
995910
1000265
993883
1001984
1000803
1000920
988972
1011006
1001188
998501
1007685
1002454
1002148
1001354
1009262
1012025
1000489
1003784
1004404
999442
987104
999003
1004891
1003290
1003116
999449
1003040
995649
989204
1002099
1005715
1000248
1004657
990736
1006361
1006901
986250
1003666
999732
999229
1001897
993565
1001408
1011362
1010347
992616
989105
995919
990106
1006007
991575
998980
998974
996704
1005971
1001378
1002959
1009009
999659
1009304
1001141
1011700
993728
1006976
992964
1004174
1005334
1003313
1001100
999288
993760
996902
993283
999445
1006102
998799
995452
989705
996252
1005732
988823
1000847
1008562
991061
1012550
1000656
1007290
995950
1001003
1014652
998190
991920
999367
1004184
995691
997442
991099
1000917
1005383
1002881
998157
1004563
997556
994300
1005034
1000871
1002709
1017951
1000172
997950
1006950
995303
1004989
995988
1003897
1012291
1001867
998701
1002809
994731
1011072
1010306
1006437
1006532
989114
1005034
1000717
1001137
1002849
996024
994884
1006760
998055
1010602
1011102
1002323
999845
1008506
999105
1014180
994480
996011
1011344
999989
992686
997507
1001688
993648
996792
997864
995074
1006816
997739
995813
1018083
999265
1007327
1001053
996551
1012028
995685
997891
991544
1018023
1001841
1006623
996392
1007767
990051
1003462
1003841
992753
1004262
997391
991141
991054
1003070
1004153
992262
998965
991683
997285
1003149
1003616
1000817
1001366
996354
1008430
1000146
1008474
993126
999299
1003803
980478
998672
1006356
999999
1005891
996382
991471
995081
1008701
996846
999003
1006473
1004111
985590
1010463
996570
997379
999344
996770
1007766
994845
1002662
1003801
996755
1023989
1002552
995841
991452
989572
998268
1006686
992492
1010437
999600
1003572
1008405
1011976
