999972
999997
1000001
1000469
1000187
1000095
1000094
1000116
999971
999899
1000001
999928
1000421
1000075
1000110
1000006
1000001
1000062
1000079
1000065
999839
999993
1000022
1000014
999989
999867
999955
1000031
1000105
1000025
1000008
999973
999938
999935
1000028
1000023
999963
999968
1000075
999954
999939
999920
1000053
999962
1000067
999749
1000130
1000033
999985
999534
999954
999896
999907
999960
999834
999919
999784
999935
1000026
999877
1000069
999873
999890
999945
999918
999650
999953
1000042
1000335
999942
1000085
1000051
1000159
1000332
1000051
1000002
999993
999926
999290
999869
1000155
1000006
1000009
999958
999917
999954
999997
999974
999930
999958
1000054
999941
1000042
999949
999930
999993
999823
1000117
999847
1000088
999920
999911
1000806
999968
1000079
999983
1000035
999953
1000060
1004028
999941
999722
999996
999969
999886
999995
999848
1000043
999987
1000058
999963
1000051
999971
999656
1000054
999953
1000156
999961
999801
999957
1000112
1000017
999956
999871
999821
999836
999665
1000153
1000048
999899
1000021
1000335
1000019
999926
999974
1001426
1006214
1000075
1000380
999886
1000079
1000099
1000938
1000032
1000056
999977
999895
1001017
999944
1000039
999920
999908
1000080
999991
999847
999980
1000017
1000006
1000379
1000063
1000055
1000132
1000183
1000048
1000201
999910
1000004
999939
999929
1000030
999916
1000558
999867
999953
999886
1000090
999912
999881
999964
1000610
999918
1000228
999944
999954
999913
1000249
1000032
1000070
999974
999972
999968
1000034
999963
999980
999834
1000015
999919
1000174
999941
999847
1000047
999982
999707
999982
1000033
999914
999924
999962
999505
999957
1000017
999958
999964
1000000
999962
999979
1000765
999931
999918
999878
999954
1000024
1000139
1000104
1000035
1000323
999972
999962
1000020
999997
1000074
999900
999921
999975
1000157
999084
999926
1000062
998833
1000108
999931
1000082
999915
999153
999941
999823
1000034
1000201
999932
999860
1000028
999896
999916
999690
999914
999925
1000151
999999
999833
999924
999577
1000070
1000126
999979
999894
1000189
999066
1000038
999791
999917
1000153
999992
999556
1000061
1002887
1000074
999794
1000003
996214
999916
999917
999968
999961
1000059
999850
999937
1000241
999992
999923
999909
1000040
999851
999952
1000250
999675
1000001
999386
1000014
999979
1000097
999993
1000150
1000276
1000029
999859
999990
1000134
999883
1000000
1000040
999638
1000007
1000175
999881
999960
1000020
999907
1000038
1000013
999916
999903
999945
1000033
999959
999943
999892
999972
999899
999992
999982
1000152
999175
1000353
999899
999689
999544
1000287
1000004
999944
999296
999876
999931
999940
999838
1000102
999961
999956
999961
999940
1000006
999960
999817
1000026
1000046
1000040
999942
1000009
999992
1000009
1000215
999699
1000029
1000293
1000100
1000017
1006616
999871
1000024
999944
999965
999887
999913
999871
999636
1000103
999973
1000001
999641
999963
999856
1000039
999976
999968
999981
1000066
992345
999928
1000038
1000003
999954
999930
1000051
999826
1000037
1000212
1000355
1000026
1000029
999798
1000068
999988
1000039
999950
999941
998589
1002832
1000187
999711
999949
999975
1000056
1000266
999917
1000043
999909
1000289
1000675
999811
999981
1000076
999985
999891
999969
1000009
999872
999991
999817
999710
999968
1000219
999841
999949
1000015
1000297
1000021
999865
999960
999920
1000028
999987
999802
1000034
1000085
999972
999936
1000031
999933
999934
999949
999858
1000057
999946
999983
1000136
1000012
1000108
999907
999986
999954
1000141
999999
999882
1000022
999902
999989
999954
999951
999267
999896
999954
999957
999860
1000020
999898
1000002
1000134
999902
1000408
1002655
999982
999836
1000298
1000042
1000120
1000068
999975
1000022
1000619
999874
999954
1000090
999885
999949
999859
999863
999961
999959
999971
999981
999810
1000031
1000032
1000193
999994
999994
999926
1000087
1000119
999976
999990
999889
999992
1000028
1000056
1001588
999878
1000169
999969
999998
999738
999997
999958
999982
999930
1000099
999964
1000016
999872
999996
999995
1000018
1000076
999791
1000181
1000122
999833
999911
999462
999922
1000148
999931
1000038
999925
1000085
1000250
999936
999877
999965
999828
999944
999941
1000173
999962
999908
999919
1000051
999883
999351
1000097
999989
999990
1000020
999951
999962
999948
999978
1000079
999973
999964
999991
999938
999881
999951
999937
1000163
999825
999989
999978
999932
999850
1000084
999881
999812
1000017
999981
999952
1000054
999944
999859
999861
1000095
999653
1000010
1000011
999931
999983
1000067
1000717
999954
1000054
999994
1000088
1000057
999507
999913
999919
1000003
999986
999269
999985
999932
999935
999989
1000050
999848
1000020
1000333
999941
999929
1000071
1000059
999930
999977
999186
999964
1000007
1000042
999897
1000091
999995
1000211
999983
1000116
999977
1000002
1000277
1000059
999980
999985
999979
1000044
1000065
999767
1000084
999919
999972
999986
1000017
999961
1000160
999920
1000040
1000167
1000822
1000097
999910
1000128
999976
1000022
999997
999888
999931
1000128
999984
1000009
999893
999974
999990
1000177
999793
999877
1000000
999981
1000038
999689
1000358
1000017
999959
999961
1000181
999971
1000059
999968
1000138
1000035
999982
1001333
999833
999999
999860
1000032
999977
999902
999918
999920
1000062
1000019
999883
999866
999920
999998
999990
999997
1000021
1000023
1000099
999101
999995
999876
1000043
1000104
999831
1000003
1000095
1000405
999956
999811
1000833
1000017
999954
999953
1000184
999967
999866
999930
1000032
999889
1000043
999813
999968
999982
999957
999962
999854
1000018
1000012
999690
999925
1000069
999935
999978
999965
999949
1000102
999961
999624
1000157
999983
1000027
999912
999953
1000016
999960
999914
999942
1000076
998951
1000415
1000106
1000118
999990
999970
1000084
999154
999936
999976
1000023
1000616
1000002
1000179
1000081
999506
999901
1000005
999752
999983
1000061
999941
1000017
1000171
1000016
1000007
1000011
999990
1000018
1000084
999977
999953
999999
1001043
999953
1000482
999894
1000023
999750
1000084
1000068
999723
999902
999922
999934
1000083
999879
1000007
999892
999523
1000116
999870
1000000
999944
999958
999993
1000003
1000039
999984
1001020
999653
999895
999921
1000117
1000034
999154
999967
1000600
999752
999758
999953
999982
1000141
1000185
999135
999381
999983
1000212
999774
999881
999935
1000055
999968
1000049
1000046
999930
1000185
1000019
999593
999950
1000006
999980
999938
999932
999903
999738
999998
1000026
999984
1000078
1002504
1000241
999861
999875
999967
999989
999935
999967
999817
998757
999981
1000220
999961
1000046
1000008
1000138
1000053
999999
1000104
999914
999900
1000373
998943
999947
999974
999948
999964
1000466
1001626
999939
999984
999579
999844
1000231
999967
999941
1000020
999930
1000002
1000217
999974
1000637
999945
1000006
1000152
1000164
999987
999998
1000008
1000011
999969
999945
1000140
999947
999922
1000517
1000795
999789
999965
999934
999889
999905
999996
1000421
999831
999916
1000057
999978
999952
1000044
999943
999890
1000269
1000076
1000426
1000028
999583
1000022
999949
1000096
999982
1000157
999853
999911
999960
999874
999972
999679
999970
999911
999983
999918
999925
999880
1013352
999741
999952
999519
999947
1000518
999874
999919
999967
999987
999995
999950
999946
1000001
999928
998241
1000054
1000002
999896
999970
999913
999880
1000193
1000005
999987
1000100
999757
999996
1000009
999955
999956
1000010
999940
1000009
1000049
999969
999921
1000162
999982
1000321
999969
999895
1000021
1000025
999945
999466
1000160
1000077
999971
1000117
999778
999705
1000000
999789
999978
999886
999643
999961
1000914
999884
1000843
1000621
1000181
999456
999873
999907
999048
999983
999994
994654
999959
1000008
999885
999906
999990
1000460
1000561
999972
1000061
1003213
999958
1000012
999936
1000086
1000118
999955
1000016
1000034
999900
1000137
1000010
1000182
999987
999910
1000917
1000357
999964
1000091
1000038
999915
1000103
999929
999924
1000044
1000038
999997
1000064
1000132
1000075
999929
999983
999974
1000058
997992
999935
999968
999866
999954
1000035
1000129
999993
999951
999752
999755
999969
999982
999951
999893
999949
999935
1000187
999931
999969
999905
1000046
1000106
999956
1000953
999891
1000107
1000014
1000480
999968
999966
1000091
999882
997831
999995
999819
1000043
1000073
999914
999955
999885
1000097
999889
999865
1000007
999988
999954
999903
999939
999800
1000002
1000003
1000057
999912
999937
1000498
999913
1000040
1000336
999977
1000078
999949
999956
1000025
999974
999929
999891
999898
999968
999999
999914
1000042
999964
999843
1000010
999661
1000191
1000126
999928
1000054
999912
999995
999960
1000072
999905
1000202
1000023
1000325
999814
1000104
1000005
1000094
1000229
999897
999993
1000060
1000198
1000067
1000049
999966
999937
1000029
1000100
1000037
1000093
1000011
999907
999933
999984
1000058
999833
1000038
1000096
1000026
1000006
999706
999464
999990
1000025
999964
999895
1000008
1000316
999860
999779
999944
999965
999907
999910
1000067
1000042
999995
999835
1000046
999963
1000069
999926
999832
1000000
999942
999878
1000074
999942
999950
1000024
999855
999876
999737
1000052
1000208
999977
1000015
1000023
999917
999939
1000622
1000021
999994
1000277
999840
1000127
999999
1000028
999993
999443
999908
999916
1000168
990994
999935
999911
999624
999952
1000058
1000352
1000252
999944
1000048
1000004
999977
1000232
999905
999971
1000028
1000011
999873
999532
1000042
999814
1000560
1000077
999941
999968
1000518
999951
999984
1000041
999987
999719
1000161
999869
1000073
1000080
999820
1000002
1000021
1000047
1000021
999905
1000028
999969
999910
999982
1000918
999961
999994
1000043
1000038
1000033
999926
999987
1000005
1000041
999942
999864
1000035
999999
999836
1000003
999861
999841
1000259
1000082
999984
1000431
999925
999909
1000020
1000021
999813
1000071
999116
999993
1000026
999657
999945
999807
999955
999813
1000035
1000066
999678
999956
1000097
999977
999783
1000021
999949
999795
999966
999928
999921
1000104
999666
999977
999967
999893
999949
1000300
999952
999962
1000089
999867
999955
1000006
999883
1000412
1000209
1000018
999848
999936
999918
1000077
1000847
1000080
999929
1000011
999912
1000074
999982
997043
1000030
999890
1000051
999981
999826
1000309
1000098
999946
1000046
999912
1000143
1000194
999905
999990
999955
1000152
999743
1000057
1000275
1000035
999521
999941
1000047
999932
999890
999855
999779
1000061
999461
999483
999961
1000002
999999
999957
999989
999990
999877
999963
999811
1000042
999976
999949
1000029
999907
999941
1000007
999960
1000024
999961
1000077
1000000
1000316
999986
999909
1000027
1000439
1000030
999922
999867
1000037
999947
999995
1000173
1000007
999931
1000016
1000040
999788
1000030
999988
998838
999389
1000057
1000005
1000269
999943
999932
999926
999960
1000032
999804
999995
999972
1000176
1000198
999847
999876
999981
999960
1000005
999972
999876
999984
999982
999915
999803
999896
1000186
1000041
999901
1000029
999960
999904
1000070
999795
1000010
999753
1000242
999966
1000001
999825
999855
999972
1000218
999948
999866
999881
1000106
999966
999916
999422
999768
999995
1000026
1000058
1000089
999971
999959
1000023
1000076
999823
1000019
999912
999974
1000026
999916
1000064
1000033
1000111
1000333
1000005
1000030
1000139
1000154
999943
1000072
999857
999980
1000062
999948
1000318
999916
999779
999921
1000314
1000369
1000191
999999
1000467
999414
999807
1000004
999608
999850
1000037
999946
1000116
1000045
999981
999957
1000024
999886
1000164
1000224
1000113
1000139
999936
999876
1000007
1000107
1000217
999929
1000052
1000056
1000006
999406
999913
1000051
999949
1000146
1000090
1000072
1000044
999948
999888
999997
999999
999921
999957
1000054
999882
999940
999939
999900
999207
999196
1000074
999901
1000107
999968
1000121
999837
999752
999337
998644
1000054
999973
999885
999969
999988
999895
998444
1000063
999975
999988
999975
999917
1000024
999899
999711
1000011
999955
998937
999951
999998
999981
999949
999972
1000022
999933
1000491
1000072
999956
999514
999909
999923
999730
999827
999799
1000029
999939
1000050
1000022
999930
999872
999963
999959
999981
1000313
999835
999934
1000168
1000667
1000022
1000433
1000593
999971
999961
999862
1000388
1000058
1000043
999982
999913
999941
1000035
999922
1000082
1000039
999876
999969
999917
1000091
999912
999936
1000053
999985
999943
999933
999764
999967
999968
999914
999970
999902
1000056
999868
1000078
999862
1000016
1000005
999870
1000036
1000074
1000156
999964
1000151
999980
999965
1000093
999745
999842
999715
1000168
1000041
999881
1000050
999915
999057
1000359
999892
999946
1000065
999796
999641
999915
1000154
1000070
999999
998188
1000071
999977
999882
998065
1000064
1000122
999240
999796
1000027
1000116
999991
999934
1000079
999911
999818
999584
1000079
1000120
999993
1000024
999880
999927
1001084
999990
1000100
999699
1000064
999983
999896
1000052
999775
999568
999100
1000086
1000006
1000022
999814
1000009
999929
999846
999835
1000109
999948
999861
999972
999903
999937
999910
1000138
999870
999695
999841
999975
1000286
999838
999693
1000075
1000018
999905
1000937
1000041
1001342
1000015
998630
1000038
999916
1000052
1000020
1000179
1000021
1000006
1000026
1000060
1000044
1000026
999966
999918
1001437
1000058
1000058
999852
999986
1000194
1000018
999907
999911
1000028
999480
1000014
1000022
999940
999874
999806
999976
999977
999907
1000001
999945
999383
1000133
999869
999584
999702
999935
999915
1000007
999926
999895
1000003
1000312
1000022
999996
999924
999974
999989
999895
999895
1000349
999971
999945
999996
999910
999921
999929
1000105
999977
1000000
1000009
1000088
1000020
999935
999841
1000100
999960
1000019
999885
1000003
1000495
999920
1000207
999967
999992
999970
999896
1000226
1000027
999949
999696
1000008
999865
999526
999984
999685
999960
999976
999943
999981
999931
1000170
999942
1000244
1000089
1000053
999482
999996
1000030
1000128
997403
999914
999945
999864
999860
999794
999923
999934
999930
1000061
999335
999912
999979
999967
999935
1000068
1000099
1000038
999965
999818
999943
999929
999879
999938
999946
999937
999914
1000020
1000052
999830
1000245
999947
999661
999973
1000043
999925
1000505
1002121
999942
1000009
999913
999982
999948
999907
999915
1000138
999626
999998
1000178
1000054
999834
1000024
1000036
999957
999837
999874
999989
999941
999969
1000030
999983
1000019
1000228
999959
1000029
1000074
999975
1000029
1000346
999943
999837
999870
1000044
1000020
999924
1000001
1000042
999738
1000153
999954
999998
1000313
999695
1000027
1000184
999868
1000049
1000052
999886
999915
999980
999793
1000036
999871
999639
1000030
1000105
1000139
999905
1000042
999458
999945
999974
999957
1000200
999792
999829
999850
999852
1000022
1000040
1000018
1000172
999752
999898
999782
999723
1000043
999885
999707
999990
999934
999926
999947
1000129
1000080
1000576
1000051
999878
999990
999914
999991
1000003
999920
999980
999918
1000015
999854
999942
