999693
999930
999876
1000103
1000044
1000153
999818
999941
1000062
1001319
999775
1000002
1000405
1000028
999848
1000001
1000059
999931
999838
1000068
1000006
999696
999972
1000090
999875
1000269
1000012
999112
1000064
995288
999777
999845
1001608
999956
1000024
1000006
999989
999963
1000272
1000081
999647
1000027
999979
999920
1000009
999971
999974
999987
999984
999940
999840
1000336
1000042
1000034
1000205
999776
1000046
999757
999932
999969
999800
999960
999867
999922
999700
1000076
999977
1000043
999996
1000004
999088
999946
1000022
1000017
999988
998932
1000061
1000040
1000024
1000017
999948
999958
1000018
999892
999950
999910
1000038
999873
1000043
999994
999969
999998
1000042
1000015
999551
1000101
1000228
999904
1004246
1000032
999864
999064
999632
999997
999935
999976
999920
1000020
999969
999891
999975
1000061
999742
999932
999884
999948
999956
1001205
999890
999729
999969
999648
1000072
999921
1003665
999976
999941
1000137
999875
999902
999996
1000021
1000016
1000029
999935
1000061
999944
999798
999938
999998
999932
999996
999949
999604
1000057
999964
999297
999721
999875
999983
999934
1000042
999969
999991
1000066
999982
999930
1000115
1000116
1000024
1000775
1000127
1000060
999839
1000143
1000010
999954
1000034
1000250
1000005
1000018
989511
1000017
1000034
999930
999903
999938
999698
1000253
1000080
1000004
999849
1000057
999967
999908
1001393
1000086
999757
999982
999967
1000054
1000190
1000036
999970
1000094
1000041
1000126
999978
999849
999949
999878
1000009
1000030
999883
999936
1000108
999822
1000102
999748
999969
999981
1000456
999943
999952
999982
999999
999910
999822
999984
1000067
1000017
1000030
1000031
1000022
1000043
999888
1000069
999933
1000006
1000057
999963
1000124
999986
999865
999956
999861
1000066
1000098
999829
999944
999787
1000187
1000062
1000046
999929
1000089
996185
999713
999832
999991
1000167
999582
999994
999910
999910
999890
999987
999861
999964
999934
1001539
999988
999973
1000524
999972
999955
1000537
999971
999920
1000104
999450
1000127
999245
1000163
1000148
1000015
1000072
1000075
999931
1000381
1000075
999865
1000057
999960
999916
1000036
995806
999729
999457
1000012
999971
998748
1000077
1000001
1000095
1000004
999911
999973
1000004
1000048
999986
999879
999993
1000124
1000084
1000136
999982
999944
999969
999937
999563
999538
1000184
999964
999976
999938
1000423
1000093
1000754
999878
999911
999777
999959
1000099
1000046
1000004
999972
999974
999948
999980
999949
999967
999869
1000477
999698
999443
1000198
1000030
999959
999994
999944
999823
999832
999606
999947
999717
1000027
999994
999948
999723
999937
999898
999978
999959
999995
999932
1000356
1000009
1000125
1000012
999965
999911
999950
1000017
1000024
999955
999673
999912
1000484
999936
1000134
999871
1001005
1000043
1000034
999898
1001411
999938
999889
1000057
999967
999960
1000101
1000068
999933
999843
1000091
999973
999950
999447
1000032
999919
1000654
999894
999784
999953
1001565
1000021
1000088
1000052
999825
1000947
1000115
999939
999963
999799
999972
1000069
999950
999714
1000084
999997
999968
999912
1000073
1000002
999865
999908
999714
1000329
999940
999976
999784
1000288
999972
999937
999365
1000070
999877
999919
999799
999747
999927
999870
1000007
1000150
999536
1000047
999947
999997
999988
1000089
999874
1000005
999880
1000411
999548
999846
999957
999922
999821
1000684
999954
1000025
999958
999936
999913
999924
999955
999953
999974
1000024
1000157
999994
999942
999866
999641
999985
1000009
999870
1000030
1000585
999980
1000046
1000054
999961
1000135
999996
999925
1000084
1000160
1000002
1000015
999908
999911
999933
1000080
999921
999978
1000055
1002236
999868
1000285
999985
999936
1000022
1003415
999985
1000099
999939
1000010
999911
999960
1000070
999572
1000001
999901
999905
999813
1000021
1000729
999967
990030
1000230
1000000
999930
1000006
999948
999996
999901
999878
999960
999954
1000072
1000041
999987
1000066
1000224
1000058
999969
999992
1000052
999829
999980
1000240
1000073
1000044
999982
999945
999869
999864
999966
1000546
999907
1000037
999917
1000296
999956
1000008
999999
999924
999946
998461
999978
999934
1000286
1000162
999985
1000038
1000034
1000041
1000020
999165
999951
999929
999970
999867
999903
1000365
1000248
999944
1000094
999912
1000093
999946
996515
1000122
1000077
999973
1000019
999931
999970
1000046
1000165
999986
999994
1000181
999936
999741
998346
1000195
1000019
1000497
999951
1000635
1000016
1000009
999953
999978
1000310
999991
1000117
1000483
999406
999906
999855
1000071
1000012
1000022
999787
999814
999974
1000218
999917
1000003
999971
999943
999916
1000089
999931
1000117
1000004
999844
999826
1000145
999753
999782
1000015
1000162
1000125
1000039
999830
999987
1001258
999134
999239
999966
999985
1000031
1000016
999912
999954
1000110
1000084
999987
1000702
999971
1000093
999901
999980
1000041
1000021
1000066
1000038
1000044
1000031
999968
1011394
1000114
1000045
1000084
999982
999863
1000011
1000073
1000093
999926
999663
999988
1000663
999835
999759
999961
999873
999788
999906
999266
1005109
999996
999945
1000031
1000045
999164
999951
999578
999893
1000019
1000240
1003776
999996
999810
1000023
1000008
1000167
1000048
999917
999942
999824
1000112
999900
1000032
1000040
999967
999741
999782
999992
1000010
999917
999926
999924
999992
999922
999986
999677
1000241
999945
999982
1000087
999645
999959
999881
999987
1000084
1000010
1000023
1000070
999173
1000263
999982
999965
1000039
999958
999984
1000108
1000091
999903
999908
1000003
999912
999982
999815
999995
1000007
1000012
1000334
999999
999960
999953
999951
999970
1000536
999392
1001233
1000072
999962
1000069
1000236
999909
999679
999979
999905
999990
999924
999646
1000252
1000012
999338
1000004
1000021
1000088
999708
1000060
999973
1000305
999980
1000039
1000034
999958
999850
1000297
1000168
999665
1000114
999957
1000167
999730
999905
1000001
999998
999896
1000020
1000119
999751
999991
999777
1000120
1000051
999950
999994
999943
999322
999950
1000126
999937
1000013
1000002
1000069
999971
999886
999963
999874
999954
999955
999968
1000341
999975
999988
999054
999779
999939
1000094
999797
1000011
999949
1000012
999917
999890
1000191
1000043
999944
999994
999898
999937
1000001
1000053
1000007
1000038
1003129
1000175
999819
999906
1000037
1000060
999916
1000092
999919
999947
999999
1000089
999476
999793
999969
998507
999923
1000050
999979
1000011
999932
1000087
999959
1000028
1000158
1000001
1000184
999944
999920
1000069
1000048
999991
999917
1000054
999950
1000097
1000005
999971
1000060
999975
999754
999723
999698
999852
999972
1000069
1000102
999808
1000022
1000048
999676
1000004
999929
999919
999961
999641
999925
999887
1000096
999990
999830
999868
999940
999952
999642
1000184
1000427
999906
1000008
1000162
999955
1000096
999903
999999
999951
1000048
999980
1000021
999867
999956
999911
999835
999786
999881
999961
1000043
999939
999888
1000207
999855
999998
999804
1000552
999924
999939
999238
999930
999911
1000039
1000571
999921
999812
999891
1000142
999957
1000027
999928
999275
999938
999936
999947
1000068
1000053
999949
1000000
1000032
999907
1005557
999894
999874
999962
1000143
999877
1000054
999998
999954
999974
999972
1000117
999878
999733
1000002
1000002
999967
999895
1000136
999970
1000102
999727
1000042
997498
999770
1000235
1000221
1000015
999962
1000109
1000049
1000111
1001428
1000001
1000031
1000022
999922
999954
999956
1000239
999978
999977
1000142
1000000
999934
1000822
999976
1001684
999973
1000000
999973
1000054
1000011
999996
1000054
1000021
999937
999993
999378
999926
999933
998945
999923
1000094
1000077
999983
999959
1000044
999922
999917
999972
999928
1000000
999948
999956
1000057
999713
999987
999874
999908
999896
1000063
999931
1000007
999669
999991
1000015
1000126
999940
999985
1000353
1000184
999633
999998
1000088
999890
1000017
999927
999966
1000001
1000049
999915
1000009
999957
999721
1000111
999578
999948
999887
999823
999982
999405
999977
1000235
999472
999894
999957
1000056
999992
1000147
999972
999801
1000042
999992
1000009
999984
999794
999427
999975
999757
1000021
999962
999927
1000105
999901
1000050
1000236
998129
1000025
999932
999946
1000065
1000060
999991
1000241
999972
1000206
1000014
999959
999997
1000094
999909
999981
1000094
999963
999976
1002693
997635
1000068
999958
999964
999897
999968
1000263
1000002
999914
999977
999918
999882
999909
999997
1000088
999922
999967
999928
999673
989933
999655
999955
1000044
1000045
1000073
999967
999855
999951
999959
999674
1000007
999931
1000066
999793
1000025
1000020
1000092
1000072
999942
1000138
1000062
999992
1000063
999953
999672
1000112
1000014
1000005
1000102
999709
999874
1000243
999991
1000260
999973
999983
1000159
999976
1000054
1000221
1000028
1000020
1000082
999959
999935
999960
1000007
999985
1000013
1000098
999993
999969
999692
999849
999993
1000179
1000021
1000119
999901
999939
999143
999922
1000139
999943
1000009
999947
999963
999946
999982
1000140
1000002
1000009
1000022
999982
1000009
1000083
1000050
999904
1000011
999940
1000039
1000146
999973
999909
999905
1000012
999936
997783
999958
999506
999892
999960
999764
999986
999099
1000039
999936
999932
999988
999785
999737
1000005
999948
1000077
1000080
1000044
999993
999895
999977
999944
1000069
1000194
1000102
999965
999915
999890
999719
999818
999848
999985
1003274
1000097
999890
999856
1000047
1000109
1000118
999980
999996
1000037
999661
999924
999906
999893
999726
999958
1000065
1000029
999965
999724
999705
1000171
999954
1000204
1000038
999983
999975
999844
999707
1000009
1000063
999979
999863
999497
1000064
1000045
1000088
1000215
999904
1000129
999226
1000043
1000032
999867
999969
1000230
1000009
1000127
999863
1000009
999587
1000154
1000019
1000014
999952
1000038
999543
1000119
1000028
999799
1000308
1000033
1000064
1000055
999947
1000081
999923
1000023
1000299
999879
999987
999987
1000160
1000033
999925
999930
999839
1000010
1000906
999949
1000000
1000034
999976
999992
999996
999852
999955
999961
1000292
1000070
999951
1000013
1000027
999884
999915
999975
1000018
999920
999822
999880
999771
999940
1000148
999825
1000100
1000311
1000067
1000031
1000955
1000016
999944
999996
1000119
999851
1000097
998591
1000075
999999
999960
1000268
999990
999902
1000121
999892
999732
999982
1000379
999991
1000096
1000008
999927
999915
999942
999006
1000138
999970
1000007
999954
999946
1000118
1000060
1000269
999910
999878
1000012
1000055
1000009
1000239
1000082
999506
1000403
1000158
999968
999985
1000008
999890
999778
1001266
1000068
999981
999909
999292
1000030
999903
999850
999430
1000398
999902
999979
1000030
999924
999934
999893
999912
999978
998372
999973
999426
999929
1000025
1000038
999670
1000151
1000087
999810
1000021
1000026
999771
999995
999896
1000047
999941
1000083
1000042
999927
999920
1000026
999404
999935
999929
999909
1000036
999959
1000033
1001099
1000008
1000050
999927
1000079
1000122
999984
1000083
1000039
999948
999646
1000727
1000490
1000000
1000035
1000050
999846
999643
999954
1000076
999870
1000021
999937
1000101
1000064
1000111
1000165
1000036
1000051
999874
1000021
1000133
999955
1000295
1000275
1000132
999915
999992
999963
1000056
999962
999873
999653
1000036
999564
999962
1000017
1000142
999961
999959
1000012
999953
1000139
999379
1000000
1000031
1000015
1000135
999971
999626
1000108
999961
999983
1000149
999794
1000162
1000110
1000003
999953
1000103
999923
1000021
1000084
999993
999991
1000019
999953
1000034
999781
1000004
999728
999677
1000303
999994
999837
1000105
999928
999915
1000156
999969
1000015
999702
1000040
999934
999952
1000046
999940
999863
1000077
999927
1000039
999897
1004936
1000030
1000261
999960
1000003
1000022
999856
999955
1000003
999985
999845
1000000
999875
999867
999881
999982
1000006
1000006
1006113
999979
999319
999984
1000081
1000052
1000020
999794
999940
999915
1000014
999824
999804
999868
999957
999928
999998
999743
1000024
999917
999965
1000012
1000351
999970
1000013
999923
1000123
1000113
1000053
1000036
999613
999729
1000048
999784
999977
999873
999463
999933
999860
1000090
1000273
1000000
999920
999993
999589
999819
999917
999968
1000107
1000031
999916
999992
999993
1000003
999824
999948
999998
1000024
1000064
1000015
999989
1000081
999977
999797
999775
999898
1000061
999697
1000062
1000288
999966
999418
1000175
1000010
999924
999517
999987
1000013
1000045
999974
999156
999958
999867
999622
999948
999779
999892
999980
999996
1000047
999918
999860
999985
999850
999921
1000058
1001262
1000052
1000018
1000010
1000270
999786
999940
999902
999858
999932
999996
999911
999879
999677
999955
999961
1000093
999837
1001966
1000029
1000044
999945
999948
999985
999997
999890
999938
999853
999911
1000030
999916
1000020
999915
999961
999885
999987
1000103
1000082
1000156
1000968
1000027
999937
999437
1000029
999837
999986
999942
999986
1000003
999933
1000044
1000002
1000026
1000035
999632
999913
1000017
1000061
999954
999991
1000058
1000166
992150
999951
1000616
1000004
999961
999996
1000331
1000164
1000093
999985
999878
1000097
999921
999763
1000010
1000017
999820
1000150
999850
1000118
999969
999838
1000122
999994
1000089
999931
1000097
999966
1000133
1000084
999898
999809
999942
1000013
1000001
999938
999981
999981
999970
1000125
1000213
999957
1000011
1000205
999887
999951
999891
1000035
999907
999735
999940
999908
1000507
1000093
999938
999973
999821
1000270
1000020
1000029
999908
999908
999940
1000091
999902
1000364
999874
999878
1000073
999569
999915
999727
1000023
1000039
1000468
999820
999995
1000065
999830
1000017
1000009
1000254
996903
1000043
999974
1000033
999970
999918
999918
1000039
999967
1000026
999945
999974
1000032
1000031
1000178
999954
1000039
1000091
999923
999970
999441
1000010
1000161
999882
999977
999715
999906
1000014
1009706
999968
999960
999976
1000004
999960
1000012
1000069
999948
999087
999883
999882
999916
1000071
999955
999969
999885
999984
1000197
999807
1000005
999941
999983
999821
999972
999960
999954
999414
999956
1000001
1000008
999954
999872
999938
1000088
999586
999951
999896
1000047
999874
1000033
1000197
999805
999961
999704
1000055
999941
1000031
999975
1000047
1000046
999768
999972
999489
1000192
1000557
1000037
998732
999917
999849
999977
999964
1000568
999955
998012
999897
999991
999968
999782
1000000
999675
999755
1000052
999948
1000425
1000067
999911
1000041
999932
999953
999742
999911
1001783
999985
1000570
1000519
999898
999868
999875
999949
1000016
1000087
1000055
999921
1000029
999974
1000226
999756
1000049
999952
999913
999944
999895
1000005
999564
999949
999919
1000019
999956
999937
999969
1000152
998790
999852
999949
999992
999867
999967
1000030
1000003
1000115
1000004
1000009
999961
999929
999904
999886
999914
999946
1000071
999980
999980
1000039
1000034
999954
1000039
999976
999931
999945
998447
999992
999972
1000062
1000019
999942
1000007
1000359
1000075
999922
999892
1000054
999687
999808
999920
999934
1000065
1000212
