996703
986500
1002353
1005576
1005208
1007781
997713
998768
994184
997305
1001836
1001866
999322
998367
988927
1007272
1004224
1004631
998557
992733
995632
1007247
983382
990439
999533
998208
998850
996035
995129
988440
1003929
994952
1014430
1001906
1005540
989983
1001504
1010191
1004951
995251
1011674
999621
1003553
1003369
998364
996403
990399
1000090
1006343
1000730
1006713
1000681
995060
1000633
996377
1001615
1004843
991982
1006290
999114
999185
1007396
987684
1002208
991076
1005809
1001007
1004441
998508
995378
987910
999323
1002343
1000046
1004661
1001153
999375
1007955
991220
1007104
1008129
1007264
1006889
1005537
1008386
998110
996116
993172
1005263
1000853
1016593
996275
1004084
1011319
1000259
1008992
1008112
1009941
991242
1009417
1000720
996907
998440
1003486
1000609
1010944
1010407
1000468
992286
999980
996195
1007769
995049
1005320
1004561
994373
1003885
1005031
993915
997224
998073
990673
1003770
989189
993479
992965
991942
1007164
1005701
1010723
995915
991571
1000066
993087
1002036
997320
996649
1000485
999311
997316
991959
999020
1001309
1013677
994922
1002976
988053
1000774
1002683
995621
1000234
994053
991355
1010354
989626
989806
1003738
1002482
1004473
1000492
997829
1001057
996788
1002223
997205
1000511
996326
999687
1006492
1006149
1006650
991732
997708
1000311
1005550
997379
994564
995658
997792
991507
1004725
995529
1004036
999073
1004860
1000198
1004176
999195
983513
996511
991841
1004241
1000697
999354
1009104
1007988
1005406
1007061
996048
999048
1001781
1000168
1006170
1002839
1001054
999259
996230
1001255
1003432
992341
997972
994177
989765
1001027
1001779
1004419
1002284
1005497
999083
1000903
1002993
995531
990219
1003074
1003995
999432
994976
991453
991725
992587
1004785
1000361
996738
995763
1009954
1009703
1003250
1014640
1007523
993950
1008830
1000063
1001668
1001277
1003948
999915
992388
996786
1000937
990927
999213
992786
1003889
1012405
989902
1005784
1019808
1000010
1005517
1009496
992386
1005376
1004198
1002535
1004447
1005883
999562
1007463
1001977
989214
994423
1004255
1000967
1009225
1007215
1009351
1005809
994390
1011431
998381
1008668
988850
1007910
1001475
1002373
996264
1006198
1005112
996793
1007132
1001979
1012316
987405
1002568
993161
999985
992142
1006319
995078
996547
1013724
1003137
1009436
1004478
1003315
1007690
994998
1002800
1013057
1006062
990532
1007352
1002731
1000040
1007368
999611
1003093
997334
1006263
995735
998546
1003967
1007291
998184
996442
987162
1000985
1004453
1006445
999014
1001138
1009616
1017333
1004778
1005446
992604
999199
996327
997453
993929
999615
998136
996847
1001292
996532
1004407
997385
989068
1007472
1001458
1000466
980971
1012431
1003263
997422
994107
1000262
995621
994689
988502
989859
1001459
997753
1015741
999509
996615
996724
1001855
1001932
1006564
1003073
987008
1001978
1000231
998573
995974
999064
1009404
1000509
1021344
996592
998642
994297
999697
1001221
1004814
1012412
1002763
992541
999254
990334
1006498
1000249
997366
998571
1006088
1008289
994295
1007655
1001290
995611
1011419
990472
988927
998960
1003881
1005606
988573
1003824
998680
995995
993582
1004619
1003676
995416
998401
998076
997116
1014570
1005603
1004248
1017973
999157
1005214
1003511
998494
991456
1001590
988428
1001378
988281
987416
1005584
993931
995581
998141
995756
999215
1000473
1001539
1011013
1003217
995357
1007281
997364
996146
994365
1006381
1000237
992469
1007369
1007634
996829
997540
997137
997124
1002579
1006971
995573
997812
992364
1004279
1002557
986707
998488
1005760
1007578
999454
1000325
1002055
1010451
1001014
1006479
986406
1002142
1002388
999475
999543
1002005
993662
991456
1000386
997905
996740
1006757
1000062
998117
998031
1008490
1002532
1014088
1002205
1004125
1001478
985767
998595
1011323
999901
1007904
994709
1005977
1007045
993689
1007294
998499
998094
1012637
1010019
993077
1008094
996539
1009010
1006819
1003494
996788
1005751
993702
1000194
998067
1003304
1006356
996817
1006814
997346
1003588
1000380
997258
1004378
996080
1000633
1006290
1005633
1003753
999185
990048
1016307
995367
1010158
1001114
1006473
1003936
998203
1002982
991924
1013001
1011390
993804
1007305
999296
994713
998690
1002089
987881
989371
1004055
998351
994701
1005215
998193
1002286
996128
999035
1017681
997924
1005162
1001555
999733
990084
997872
1008787
1000727
994779
1002699
1001807
997354
994664
997392
998829
1001883
993726
1001625
995432
1003563
997902
997658
1008321
994058
1003283
1002774
997319
988825
1004264
1000536
1007459
1003376
1000829
997953
992244
996496
995901
997408
1002705
999348
1006433
988583
1010406
992714
995601
999384
999953
1008757
996320
1003110
998845
992749
994631
992554
997534
999539
1012475
988491
1005793
1013875
1018054
1001675
1002655
999931
990570
990813
995848
993539
996491
994474
1012342
1007566
997218
1001823
998659
1000402
997836
1003947
1001423
1006587
1001223
1000798
995258
1002768
998892
997879
995601
997746
989827
997582
1000627
1001296
1005641
1003069
996237
992630
995108
997188
995852
1014944
999073
1007603
1004832
1006945
996092
995067
988602
1018581
1013812
1004895
989650
996873
1004610
1000660
1011260
1003543
999656
999470
1004548
1002652
1017736
994398
1011990
995117
1000468
1000651
992917
998852
1006489
990746
1006601
1002808
1002199
991777
1002198
998084
1007471
996106
991556
992685
998984
996087
1000940
1012665
1002204
1001270
1000453
1002973
994235
992638
1001833
1003560
999398
1002308
1005044
1004983
998090
985407
993381
994722
1002835
1005525
999511
992280
992263
1002312
1005758
1005173
992285
1000003
1014187
1003024
995078
993360
997832
1004048
993688
997623
1002933
1011900
1001059
1010999
1000819
992184
1000481
990394
1004548
996935
997494
1000221
1003487
995363
1001725
995685
1012026
1000128
1006936
1002206
1009949
1008670
1003310
997893
1006146
999596
992824
996403
996835
987987
994319
998199
1006354
1001483
1003817
995143
1006446
1000246
1012818
992704
1003441
1008189
1005759
989723
997583
1000745
999581
1007537
1001272
1001638
999795
999873
997852
995728
996899
1001723
991398
998642
997052
987852
997954
1009041
1000874
999828
998937
999445
989935
1008989
1005653
1001237
998449
985320
1003022
1001443
1005295
990769
1014445
1003855
1012041
1001533
995762
1003405
1003160
996548
1002168
983195
999772
1010563
1005309
1003429
997466
1000252
1004535
1002998
1005710
993498
999218
1001577
1006400
997089
1000948
994778
992788
1005899
1007005
1009418
1002870
998108
995395
1009760
1007797
996106
1000794
995434
992464
996662
1011022
994430
1004652
996170
1002030
999902
1015731
1006239
986752
1008599
1008083
1009834
996183
999549
1002759
992105
1002091
1002966
1003598
994200
997694
1003092
1002084
1003298
1010811
1006615
1006919
1006921
997605
1001523
1001311
1007692
1000324
1006828
1005691
1007570
999035
998033
997122
1002090
1004952
1002908
996650
999894
986909
995966
997496
997280
1004025
1006951
1005575
1004921
1004353
998669
1005625
993778
994664
1000372
1000954
989097
1014455
1007483
998902
997334
991755
1001885
991760
1002780
998926
993906
1003862
996083
1009465
999522
996574
1000069
1016074
1003895
1003513
1004068
1008392
1005771
998912
995641
1004360
986608
1002709
993889
993005
992662
996615
1010375
997208
1004347
1008847
992583
1001019
1004452
1002169
1001565
996848
994278
994017
997218
1002881
1005657
995381
1006796
1000523
1001928
997576
1008426
988395
997317
1002095
994222
994588
1001168
987787
1005062
1014744
998548
996724
991981
990975
1001191
1008272
991651
1000885
987725
989552
1005041
993143
997451
995796
1005345
1003022
996082
1000382
991329
994657
1002325
991256
995488
988813
1001212
1005739
1010443
995127
1006987
1001977
1001806
1003009
990791
998270
1008419
995761
992089
993466
994353
988284
994995
995853
1001079
997742
995555
996244
996040
990959
987851
993537
998924
994353
1008803
1012658
1005592
1013672
1004857
994743
1009314
1010703
1006641
1002806
997505
996079
990297
998582
999655
1002186
1001892
992326
1004968
1008099
996537
999741
1000772
999926
990579
1005770
992098
1002605
1006156
1007776
1002729
1006165
1007948
998548
997347
996490
991971
993979
1015838
1009486
997606
1004852
1007016
1007786
997810
993867
990565
1007054
1002849
1004424
1001741
1009630
991834
1002977
1002233
996614
1010774
989789
1003475
994469
1004324
1007262
1009582
1003086
1009047
1002431
991123
994127
1002232
1005898
1000133
1006259
1008559
993909
990657
996587
996767
988522
1006531
996460
1004101
1011488
999499
1004774
996465
995386
1003894
992033
1004375
1006683
1000626
994728
1005403
998801
1004540
997133
1004483
996274
994493
995046
993174
993024
999422
1011207
993837
994764
994439
1007750
999373
1006816
1020356
992522
995531
998553
982059
1001778
1004084
999483
1008871
995081
1015378
1003349
998970
994640
1002891
995425
1007535
991433
992966
999726
996993
987726
987334
1007951
1004810
1004473
1004234
998851
999987
1002947
995732
998878
1002741
999602
1002798
992799
1000277
1005910
1001383
991016
1001514
999937
1003443
999707
1006086
989792
994592
1002033
994692
1004060
996603
1011435
998338
988731
997811
1011620
995839
1004512
1001592
1007779
1015775
998379
989737
1006882
989077
986111
990670
999458
999791
993434
998713
994434
1002081
994557
1002093
997288
994169
995510
996023
995742
1007809
989771
999314
997183
994951
1008620
993703
998567
1001475
1006033
987785
991036
998813
989620
1001581
999517
995327
998759
1004235
998056
998521
987959
992469
1004869
988398
998623
983242
996636
1001144
999101
998456
999780
1002968
1000549
1006807
995776
994076
997268
1007224
1006866
1012022
1000786
997032
1013736
1001652
1002633
1001312
1000376
991166
996019
1008960
999619
1003075
991275
997477
995099
1003583
997997
993251
997480
985385
1006136
1008073
1006008
1007203
1012852
1003342
992092
1003288
1002587
1001377
1000245
985401
1000713
990877
1004633
995488
1005796
1001327
1005334
998570
989238
998827
998103
1001546
1001793
993652
997817
999336
995337
1005002
1009190
1003720
1003160
1009626
1000366
987298
997577
1000295
987911
1004545
1001780
997425
1001846
1005363
999677
991601
998355
996087
993250
999780
989764
1000093
994606
992424
993125
1005166
998590
995409
1005360
1001112
988175
1008759
1002686
993528
1008580
1003501
993838
997360
997843
1002400
997383
997600
1009171
1005806
1001488
1007536
988300
1003531
995966
991449
1008347
998983
999647
1003394
999928
995594
997720
997409
1001691
1005103
993311
988535
999673
1012161
1007475
1000445
1003757
1000375
994419
995481
1011246
1002522
1005891
993284
991636
999789
1008027
995500
1007287
993886
1007769
999637
996921
1000861
1010230
998077
1007664
998809
1003989
999924
1004568
998015
996183
996862
1001956
1002112
998152
1006374
1002677
1009278
1000680
992102
987073
1002052
994117
1003183
997405
996827
994847
1004238
999394
998567
997391
1010173
1002042
998987
992422
1001844
1011681
1006111
985779
1015122
996778
998769
1014747
999320
999949
990166
986569
994391
998138
996978
1000873
995650
991794
995704
1003248
1001197
996693
990576
1000713
999662
991532
1008619
1004624
1000937
999191
1004501
1003090
998991
998891
999267
1005941
998617
1005247
996521
999653
1007068
1006548
1002989
993477
993774
997487
1003402
1003155
996090
999817
1007680
1017556
998122
1001016
1004231
997662
993389
995451
999789
1005652
995599
1005465
999656
992300
1002441
1005061
987868
1004871
996177
999636
993780
992985
1001125
1003197
1003069
1004652
994596
997201
1005742
1007108
999527
992702
1013023
986863
991227
995995
1007341
1008473
1007252
1001631
997861
998067
1005087
1005408
993443
1003604
1002813
997647
1006599
1000199
1014543
1002620
1006672
993309
997403
1004985
1002076
991672
994994
996653
1000238
1004311
1003210
996358
1003180
1003940
1001790
986801
996109
1001296
1001564
991901
1009388
1000309
996706
1005580
999375
1009518
1010580
988695
1001153
1010855
999758
997389
994855
999381
985972
1007408
990084
991226
1004890
995435
989508
997725
1006167
1001992
994195
998483
999986
993013
1002274
1014366
1012136
1000227
990548
1004196
997573
1001887
999596
1001406
984945
1007394
1006787
1003810
1002764
1006651
997815
1001907
994190
997932
995051
998020
1008664
990336
994680
996070
996226
996618
994028
1002220
1000200
1002459
1005286
991916
1002968
1003427
1002083
994649
999104
1000554
1003629
1002587
1005362
994410
1003114
1013010
1006498
1004304
1002713
1002257
987485
996496
1007952
1000479
1003308
995450
1001201
1000485
993453
997039
1002356
1006625
1001350
997729
1000829
998051
994631
1002623
1004501
1005882
989808
1005826
992861
996382
1002475
1011376
1009849
999920
998226
994363
999117
997735
996881
1008548
996699
1000377
995677
995972
999208
1007422
977138
997294
1006193
1004117
1001635
989068
1000384
996787
997648
995719
1009153
1000525
991751
997836
1004024
992404
1005680
991099
1004865
1011512
1005050
998726
993861
989070
999187
999812
996614
1001021
997997
1009513
990476
985230
997160
1001386
1003164
992279
997257
997752
992212
991438
1008026
1007850
991986
1004722
1001156
1006221
994970
999993
1003472
988219
1001541
1003159
991923
1003622
1004591
1010361
1009783
999798
998887
1000959
991176
1008914
992171
1004812
999198
1009509
1005033
984223
1003998
1009828
1006006
993047
999958
1008043
989414
1002655
995447
1004857
998819
983704
996257
1001281
988672
1012701
1001621
994201
998919
1010522
996798
1001914
999447
1005108
1006307
1009691
1007560
1003011
997510
991990
1009009
986190
995482
1009511
997141
1008315
995752
1007144
991242
998888
997459
996032
985226
985607
996373
996632
1007605
996480
1000075
999141
994710
995400
1002709
1008137
1005675
989714
997720
999402
1003097
992681
1009294
1005150
1003840
997244
1005559
999196
992018
1006712
1003466
997714
995881
1001059
1002357
1002856
1002038
1007290
1000121
1000543
1004744
991801
1002663
1002622
1006132
996454
992243
1001840
1005852
1002675
993275
1007942
1002292
1001823
1006676
1010760
1003787
1004295
1004864
1003901
1006780
1008148
987099
1002729
992694
999374
1008123
993407
997567
993725
996194
1002540
1001854
997918
1003890
996187
1010367
995831
1009156
998090
999555
986049
1005215
998623
1000619
997765
1005835
1005409
1001675
997219
994130
1005080
1012441
994117
1003218
1003473
1003569
999033
1003150
993581
1001540
996504
1000231
1003444
995080
1005748
1007022
1000792
1007781
999000
995823
1007914
999983
997464
999914
999715
1004091
1002595
1004304
995455
1001962
1004931
998033
1000730
1008916
1005136
1017079
1007186
1002350
992202
1014664
1000387
1005614
1007791
1000270
1000285
1003511
1009235
1010000
1012728
1003379
1007047
1005444
1006935
1005835
1000607
994588
993792
1004022
998515
998832
998972
996345
996484
992815
994843
994468
1011908
983363
1000130
1001898
1007631
992586
996104
1002397
994657
1006107
1000682
997999
1012257
988980
1000271
995213
1000475
987304
991871
1005423
990827
993488
1005172
996249
1014137
1000149
1008997
1004303
1007434
1006215
999007
995813
1009154
994725
997354
1005707
1012078
997392
999319
996809
1004559
1003948
1008905
1003281
999783
1004030
1004404
986964
1005809
1000874
1002577
993658
1004835
1006162
1009519
1005000
990763
997338
993553
1009003
1004241
993333
1001886
989150
1009218
998857
1001703
998750
1005991
