1801049
1819099
1784659
1826464
1802294
1813601
1786007
1835593
1798248
1819618
1816713
1825945
1802190
1812979
1808829
1818684
1816091
1835178
1825945
1829472
1808414
1808207
1799493
1829784
1848352
1825116
1817024
1811630
1799078
1817128
1835697
1804265
1823456
1805821
1803020
1813186
1813497
1816506
1802709
1835800
1827709
1834867
1803954
1808725
1795966
1828124
1822522
1823145
1809763
1825116
1842024
1817232
1816921
1828020
1823663
1795344
1801257
1809555
1806754
1807481
1821900
1807273
1820136
1809452
1809348
1806443
1836734
1829265
1817439
1826153
1790779
1821692
1807584
1796588
1812045
1793788
1836319
1829887
1818788
1814016
1803539
1835904
1825116
1825634
1819721
1800738
1820551
1813394
1812252
1832896
1815676
1821796
1808103
1828124
1832273
1823248
1824182
1821589
1800945
1792750
1805406
1795551
1814535
1801049
1820344
1828435
1822833
1820240
1800115
1793165
1817647
1804161
1815987
1810593
1827916
1833829
1818891
1798974
1819514
1812460
1814223
1785904
1813601
1824389
1814742
1824182
1812667
1820448
1816713
1826672
1825427
1825738
1816402
1820655
1794721
1822418
1797730
1820136
1819410
1816091
1824597
1823767
1822626
1812149
1806651
1797730
1815987
1812564
1804887
1801464
1822004
1829265
1818165
1809037
1821174
1805302
1797315
1829576
1810696
1818373
1786526
1817439
1809763
1837564
1827916
1798974
1819410
1809763
1815883
1798456
1821485
1808933
1798663
1794306
1817128
1826879
1811111
1817335
1806028
1832377
1814431
1796070
1807688
1793788
1817958
1806132
1815365
1826775
1808725
1823041
1807169
1798974
1809763
1825531
1842647
1807169
1818580
1807999
1804369
1803539
1810593
1801464
1806236
1799908
1834763
1822315
1811319
1812771
1816921
1820966
1818580
1815261
1844307
1817232
1821070
1816817
1831443
1809452
1795032
1832792
1822315
1815157
1831029
1816298
1833414
1824389
1817024
1816506
1816298
1818165
1789949
1805095
1826568
1786007
1831651
1813912
1820136
1820759
1806754
1834452
1795862
1815883
1821796
1817335
1824286
1837149
1794721
1813808
1811734
1825634
1840572
1813186
1790364
1808207
1801775
1807481
1830095
1827916
1809867
1817024
1840987
1823456
1812045
1819825
1823041
1769099
1805510
1825842
1812045
1804680
1824908
1824804
1839639
1829576
1803539
1817750
1823560
1821070
1815053
1812149
1810385
1823663
1813601
1818373
1831755
1813497
1814638
1814846
1797315
1818891
1822004
1807688
1821174
1795032
1801775
1814016
1834452
1821381
1805095
1803954
1823041
1822522
1820862
1819099
1794306
1807584
1824389
1821589
1823975
1827502
1803539
1837045
1802605
1807896
1807584
1812252
1812564
1822418
1825945
1814535
1821485
1853539
1798144
1797626
1807377
1823145
1814120
1804057
1801879
1811215
1820448
1829887
1793891
1811215
1809037
1828954
1816506
1825634
1827605
1827087
1820240
1818062
1825323
1827502
1848871
1821485
1832377
1806754
1803020
1821381
1824389
1825634
1822315
1807688
1842647
1811941
1830302
1804057
1807999
1822730
1811319
1803954
1814638
1817335
1811526
1824286
1824597
1804161
1824182
1809037
1828643
1829472
1810904
1784970
1800219
1813808
1840053
1819203
1823663
1825427
1810074
1819721
1811319
1826464
1828020
1821692
1799493
1813290
1795136
1811008
1802813
1809555
1811215
1801983
1835282
1803020
1820759
1822937
1813186
1818684
1795136
1807792
1811423
1802709
1808933
1851257
1806547
1821485
1814223
1833518
1809763
1808311
1804887
1797937
1817335
1800738
1827190
1827398
1811319
1834037
1818477
1822833
1820966
1830821
1833518
1806651
1829161
1838394
1805613
1834141
1821277
1812460
1816921
1806962
1784036
1836941
1803954
1806858
1837771
1808518
1805717
1793788
1826464
1814016
1816609
1822626
1826360
1814120
1831858
1829472
1800012
1820862
1805302
1810696
1806028
1825634
1832999
1829887
1823663
1826464
1824908
1809452
1808207
1809348
1829472
1819099
1812045
1825427
1823767
1818269
1806028
1816713
1837875
1805095
1827502
1813394
1820448
1812979
1807066
1824286
1809037
1823975
1814742
1795344
1831651
1818788
1798663
1827709
1859659
1817958
1824182
1823456
1815365
1816713
1794929
1832688
1813601
1810696
1831547
1805406
1816713
1817750
1825634
1821381
1827916
1810281
1807999
1823145
1784866
1809452
1801464
1823560
1819929
1823145
1813601
1807688
1827709
1806754
1799597
1827087
1817958
1800945
1817024
1824182
1812045
1815157
1830925
1828020
1816609
1855303
1837045
1822004
1845551
1827398
1830095
1815676
1822626
1800945
1805613
1831029
1808518
1827190
1811111
1791920
1804576
1810800
1825842
1814016
1825945
1821277
1795759
1834141
1809970
1819514
1818373
1848560
1821692
1811630
1812460
1811630
1822626
1814016
1812875
1786630
1811111
1807999
1809555
1815779
1800115
1815572
1819203
1810281
1815987
1789846
1824493
1809867
1822211
1823663
1833726
1819721
1822004
1825116
1808622
1782895
1827916
1829680
1815883
1806754
1829369
1828020
1802501
1806443
1820862
1792439
1812356
1830302
1823975
1804057
1810904
1812667
1824286
1805925
1804784
1775115
1813186
1820033
1820655
1832066
1816817
1829369
1818995
1825531
1807688
1812460
1820759
1833726
1800945
1823560
1818165
1829991
1801879
1800012
1824701
1832170
1805717
1822418
1823975
1836734
1813394
1802294
1808933
1807688
1818995
1809037
1811941
1800842
1822626
1793476
1800842
1803746
1815676
1817439
1827502
1831651
1796588
1823663
1820759
1814950
1820240
1819825
1827813
1825634
1811215
1822315
1812667
1788808
1809348
1817335
1814223
1821900
1823663
1814016
1824804
1806858
1803850
1788912
1799493
1840157
1838809
1830406
1779057
1798041
1815261
1815987
1808622
1834970
1825012
1799493
1821070
1814223
1823767
1814223
1832999
1810074
1819514
1806651
1821900
1833829
1804161
1815779
1809867
1826257
1804784
1811319
1831236
1817647
1807377
1808518
1831651
1837564
1790779
1819825
1820344
1830821
1815261
1807896
1810178
1820551
1785385
1794099
1836319
1818165
1818269
1823767
1793684
1836734
1808311
1818580
1812252
1835385
1818684
1820655
1805406
1791505
1836838
1810281
1790261
1805510
1817750
1842958
1811734
1828746
1807584
1821070
1818477
1816091
1819410
1834659
1825634
1836215
1830302
1795759
1819825
1822418
1842439
1811630
1774804
1793476
1813601
1848560
1828850
1808207
1815883
1815676
1813912
1810178
1832066
1828331
1816194
1824804
1824078
1839431
1813186
1807481
1824597
1826257
1814846
1824182
1823145
1806132
1829887
1818477
1809452
1810904
1807896
1829784
1817958
1811630
1818477
1838082
1829887
1821485
1804369
1836941
1816713
1814950
1818269
1812045
1824804
1816298
1832273
1807273
1834244
1823975
1807999
1815261
1830925
1832481
1806754
1814950
1800634
1819825
1811526
1805717
1841817
1803020
1825842
1825842
1809037
1805717
1829265
1831547
1801671
1837460
1808622
1842958
1786734
1818684
1817647
1820759
1832688
1797107
1823663
1826775
1796381
1821485
1831029
1799493
1798559
1812356
1821174
1826568
1812875
1811838
1798663
1788497
1821070
1807169
1802709
1834348
1840261
1820655
1803954
1820240
1811630
1820448
1804887
1815779
1813912
1804576
1797833
1813186
1800012
1801775
1822211
1800219
1796070
1829887
1794306
1814638
1822315
1831858
1806547
1804369
1836008
1824286
1809970
1821900
1842024
1782169
1819929
1798144
1839327
1811526
1822522
1819825
1819306
1796277
1836008
1799908
1809970
1835178
1815365
1816091
1824182
1833726
1829680
1823975
1812356
1829161
1782792
1829058
1817439
1808933
1836008
1809659
1810904
1814120
1809140
1807481
1800323
1832481
1828746
1817854
1804369
1801775
1803227
1816194
1822315
1838912
1811526
1815261
1811008
1804472
1823145
1809555
1816921
1804161
1821485
1811111
1825634
1799908
1829576
1827916
1830510
1823975
1822937
1810593
1802605
1828954
1819306
1832170
1798352
1822418
1799493
1796173
1814120
1824908
1812875
1795447
1803539
1818580
1817335
1831547
1818684
1805925
1830199
1820240
1823352
1811008
1824493
1809763
1803954
1809867
1809763
1804680
1811111
1814223
1824078
1811838
1775738
1791505
1817958
1821277
1831340
1822833
1803435
1804887
1830614
1831858
1825012
1828539
1806028
1812771
1799700
1825531
1806858
1817958
1803539
1812564
1811111
1790987
1834763
1819203
1813290
1807066
1829680
1822315
1835178
1801464
1831236
1823041
1803642
1799493
1812875
1808518
1840365
1812149
1804472
1775738
1816091
1837253
1810281
1809763
1821381
1832481
1839535
1843477
1809763
1806547
1816921
1807896
1830406
1802398
1809659
1818580
1780924
1821070
1812875
1811630
1803435
1812979
1801153
1825842
1828228
1810593
1778953
1834452
1792647
1797730
1815468
1798352
1815261
1815053
1806547
1818269
1817750
1820655
1808311
1834037
1820551
1790364
1798871
1794099
1807999
1820655
1815365
1800427
1794825
1806236
1802916
1835800
1827190
1807066
1813497
1815365
1825634
1828539
1813186
1826983
1811838
1797937
1809867
1807273
1831443
1818580
1820655
1817128
1817024
1819929
1820966
1820448
1800945
1794410
1815676
1809555
1807584
1815053
1815572
1818269
1795966
1805198
1824182
1823871
1827605
1805717
1817647
1839639
1808207
1805717
1820862
1802398
1824389
1807066
1823145
1818788
1814223
1806443
1809659
1812149
1812460
1821070
1809867
1798144
1822730
1817543
1834763
1818788
1809140
1829369
1827709
1821070
1791817
1818995
1821277
1801775
1813186
1836526
1827294
1811215
1815468
1826568
1810696
1801464
1833933
1799286
1835593
1803435
1814950
1824493
1817024
1806340
1809244
1784036
1828435
1815676
1797626
1805613
1807377
1829576
1813186
1833829
1811941
1819410
1836630
1809244
1822315
1816713
1819721
1815053
1818477
1817232
1835074
1833726
1825427
1805198
1817128
1838601
1797937
1834556
1825012
1836734
1810593
1817024
1821485
1801257
1821174
1807688
1814120
1800945
1801360
1806651
1816298
1807377
1842128
1816194
1819203
1813601
1822730
1807792
1827813
1834141
1818788
1825323
1795032
1812460
1830302
1821070
1823767
1805095
1811630
1819929
1781962
1807999
1820448
1811941
1832481
1820136
1825323
1801568
1807896
1824493
1817750
1818062
1818891
1811526
1817854
1815468
1807999
1809659
1798456
1815779
1807999
1823248
1803642
1806443
1799597
1816402
1822522
1840987
1836630
1804057
1810281
1825219
1827502
1828228
1805510
1801671
1798248
1811423
1820033
1823041
1807066
1817024
1810489
1803746
1804680
1793165
1815261
1814016
1825634
1810074
1798663
1808622
1814846
1815365
1816091
1823041
1798767
1797626
1827502
1805613
1802086
1814431
1831443
1805821
1830199
1809970
1807896
1810800
1821796
1829680
1819929
1819410
1836008
1817854
1835697
1810904
1834659
1812460
1819099
1831340
1825842
1806236
1838912
1818269
1817335
1831132
1796381
1836423
1822004
1823248
1816402
1820862
1828435
1807999
1832273
1815468
1817854
1825842
1796900
1813912
1822522
1805613
1820759
1814120
1816921
1811630
1806132
1815365
1825945
1806132
1807792
1811838
1800842
1826879
1833207
1812875
1810281
1824701
1818165
1819514
1827709
1819721
1811111
1819203
1796485
1839327
1798352
1822730
1813082
1803331
1801464
1831236
1823871
1801671
1822004
1826983
1824493
1824286
1811941
1800945
1796070
1814638
1836526
1840261
1812356
1801568
1790779
1794203
1808207
1813705
1818891
1820344
1798974
1822315
1824804
1777916
1815261
1787563
1813082
1806651
1807377
1804991
1816298
1800634
1801464
1814431
1812252
1801153
1804057
1809763
1805613
1806754
1818580
1828643
1811215
1800738
1806132
1835282
1815157
1818788
1818165
1813808
1818062
1804369
1819410
1795136
1819618
1827087
1822004
1827398
1829784
1815987
1815365
1815987
1827502
1809244
1796900
1824182
1812252
1800427
1805717
1817750
1801568
1817232
1820551
1824182
1822004
1824493
1810074
1829058
1805095
1818580
1822418
1809659
1846693
1814223
1811319
1806651
1813394
1815676
1819618
1810074
1829784
1821070
1819618
1813290
1798352
1823871
1811319
1811111
1822315
1795240
1816817
1816713
1818373
1797211
1811215
1824493
1806132
1809763
1829784
1813808
1816609
1807169
1786941
1823145
1812771
1807896
1793788
1813705
1818165
1799493
1794825
1811734
1808414
1796692
1793476
1810385
1817439
1804369
1790987
1831755
1829887
1821692
1814950
1833933
1832481
1817335
1797730
1794514
1804472
1823560
1818684
1819721
1826153
1825012
1819099
1834970
1836941
1823248
1832481
1818269
1825634
1824286
1816194
1773559
1809140
1843995
1796900
1821589
1806236
1828850
1801360
1821381
1817128
1812667
1837979
1845136
1814950
1821174
1828331
1815987
1819825
1820759
1830095
1819099
1821796
1821692
1812771
1821277
1821277
1826360
1828228
1810385
1813394
1825323
1831755
1803227
1819618
1813394
1815779
1804369
1806651
1817335
1819721
1809037
1811423
1812979
1826983
1799804
1813912
1822107
1828954
1843995
1816921
1806651
1820655
1821070
1819929
1827605
1799804
1803746
1818269
1821692
1826257
1828124
1844514
1804991
1805613
1806236
1814742
1840676
1832066
1786007
1814535
1805613
1822522
1834970
1821070
1817128
1821485
1815365
1812771
1815779
1804784
1806340
1820240
1817439
1793891
1812771
1828124
1851257
1804265
1815883
1811319
1818891
1817543
1804784
1824286
1804472
1826983
1803954
1827916
1818788
1830510
1802501
1806340
1823041
1806651
1822315
1824286
1813705
1823248
1802501
1801049
1813186
1803746
1812979
1813601
1802190
1844618
1796070
1802501
1836838
1792128
1801568
1812460
1823871
1809659
1831132
1817750
1808103
1825323
1808207
1812252
1823352
1811838
1827709
1808207
1829472
1813601
1822418
1788393
1827709
1820448
1798559
1797211
1835800
1809037
1814327
1802398
1813601
1839742
1816921
1836423
1816298
1797418
1822107
1816194
1831029
1803954
1792647
1819306
1807169
1841921
1812356
1808829
1834244
1803642
1814327
1824597
1788912
1797833
1816402
1812667
1805302
1811838
1826672
1811630
1815157
1801568
1789431
1814120
1829991
1824182
1814846
1795551
1806132
1817854
1801049
1813705
1804887
1820344
1822107
1790676
1829472
1806340
1812356
1817024
1804472
1808622
1809452
1812564
1811838
1790676
1811215
1807481
1805821
1831236
1813601
1813082
1831547
1835074
1835593
1820033
1836319
1802605
1824078
1810800
1818995
1808829
1804161
1805510
1808518
1811734
1833414
1823145
1827502
1819618
1814431
1806651
1825323
1816713
1801153
1800115
1819306
1817958
1809244
1811111
1806547
1827916
1814742
1832273
1806443
1798456
1814846
1816194
1831651
1819929
1807792
1798663
1818269
1806858
1837979
1828643
1834141
1829680
1816713
1814535
1808725
1812875
1831755
1836423
1824804
1810800
1810904
1803020
1822315
1833622
1829472
1815779
1810385
1815676
1844722
1805198
1827190
1819099
1831132
1828020
1814223
1808622
1813601
1793165
1815779
1820240
1805717
1817543
1829784
1814638
1802916
1817232
1801464
1811008
1829991
1808518
1832481
1813082
1801049
1844307
1823145
1809659
1816921
1832273
1817854
1820862
1812149
1823663
1812045
1820033
1817439
1825116
1801671
1832481
1846070
1825842
1790157
1812667
1808622
1795136
1839535
1814120
1834970
1816091
1807169
1822107
1822211
1823975
1825219
1796277
1809140
1817232
1829265
1822211
1827294
1807688
1837875
1818062
1806962
1811838
1822626
1821070
1822833
1833414
1810385
1801568
1823248
1827709
1825634
1794929
1827709
1829369
1795344
1801568
1795240
1830717
1798871
1837045
1826568
1812356
1813497
1816817
1822418
1829991
1796070
1839431
1827502
1830406
1821277
1833103
1802398
1829265
1815676
1834659
1809348
1825842
1805406
1804991
1824493
1809348
1831962
1809970
1809037
1826464
1787460
1826464
1825634
1814016
1817232
1832377
1805406
1818269
1820136
1800842
1804680
1820240
1819825
1816091
1810696
1818580
1815365
1809659
1802916
1825323
1815053
1813290
1806028
1808933
1830614
1822418
1812356
1796796
1808311
1820759
1824908
1807481
1843580
1822211
1809763
1815779
1837356
1814223
1803020
1829784
1829161
1818062
1819306
1793269
1833933
1834556
1808103
1809970
1811630
1826257
1820136
1819099
1830095
1817750
1810178
1832999
1812045
1834141
1813497
1798456
1822107
1807999
1806443
1810593
1797626
1810593
1838082
1824389
1817543
1789949
1804265
1815053
1816921
1796588
1839950
1820448
1818580
1828331
1803435
1818477
1839950
1828746
1826049
1828746
1836734
1817439
1819929
1808311
1809867
1801257
1814120
1803020
1839846
1831236
1809037
1786734
1804369
1831962
1816506
1802398
1802916
1811319
1829369
1831755
1826464
1818477
1819929
1817854
1793476
1808414
1814120
1798974
1816506
1818269
1834763
1813705
1830614
1821900
1803227
1813497
1824182
1829680
1799804
1818788
1788393
1822418
1814742
1806962
1818580
1794929
1800634
1803954
1823352
1810385
1848352
1823663
1812460
1834970
1821485
1827294
1836526
1808829
1828850
1816609
1837979
1816298
1810385
1815987
1812875
1810800
1809452
1811941
1805510
1820344
1797730
1796277
1836526
1810800
1814223
1811526
1807066
1823145
1818891
1834763
1792439
1802294
1812356
1813705
1791402
1783103
1822626
1850842
1810074
1813601
1820240
1800738
1836008
1816817
1804265
1824804
1812667
1821070
1803227
1809452
1829161
1806132
1823767
1808103
1805925
1796485
1825531
1825012
1822107
1800115
1820033
1805925
1814950
1817232
1813912
1823560
1817647
1797937
1816506
1789327
1823248
1804887
1815261
1804576
1804265
1823041
1807999
1809140
1820240
1820136
1816091
1814431
1801257
1809140
1858622
1840157
1800842
1821381
1805613
1827398
1817024
1815261
1818373
1826983
1793061
1829680
1819203
1826049
1812667
1810074
1793684
1836734
1798663
1814638
1812045
1780095
1813082
1828539
1812564
1833933
1808725
1804576
1802709
1803227
1822418
1792750
1811734
1814327
1826672
1799597
1825531
1801879
1824078
1818891
1804887
1812979
1798663
1814120
1791298
1807481
1801153
1806028
1821796
1825531
1814431
1796277
1811526
1826672
1824804
1819721
1804369
1792024
1809140
1813082
1811630
1833933
1789223
1804265
1799804
1813186
1811111
1818995
1802190
1819825
1832066
1829058
1823041
1806236
1813082
1810489
1809140
1822937
1805095
1844929
1790676
1824493
1825945
1819203
1813082
1792335
1797626
1799908
1801568
1798041
1797003
1818995
1830406
1814016
1812979
1824701
1815987
1829472
1812771
1831132
1824286
1844514
1798248
1822315
1809452
1814950
1813082
1802501
1821589
1834348
1819618
1806962
1812564
1814950
1817232
1811838
1809555
1824804
1822730
1805717
1806547
1812667
1831651
1826672
1818995
1801775
1813394
1814016
1804057
1810385
1834141
1811111
1796070
1788290
1833933
1804991
1802709
1830302
1807273
1818062
1823352
1836734
1800634
1824701
1813290
1799078
1828850
1816506
1819306
1801153
1836734
1816298
1826568
1837979
1809348
1803642
1815779
1818684
1817335
1807481
1796796
1805717
1822833
1834141
1811941
1802294
1823975
1837771
1812045
1810904
1823248
1817958
1796588
1812460
1807792
1816506
1800012
1800842
1819929
1815053
1801775
1805925
1826049
1816402
1806236
1825116
1825219
1811215
1804680
1798871
1826775
1803642
1839742
1820655
1795655
1820448
1808829
1820033
1816506
1815261
1827916
1817024
1829991
1803746
1835178
1814846
1821277
1810904
1816817
1823663
1817232
1813290
1828539
1797003
1820240
1828124
1832896
1795240
1823560
1828850
1802916
1804057
1809659
1812149
1821796
1797003
1813497
1820033
1837356
1826049
1817439
1825945
1820448
1805510
1838705
1818165
1799182
1830614
1817439
1795759
1809140
1809867
1826879
1807273
1819721
1810074
1822211
1825634
1802190
1817335
1818165
1827190
1840468
1830717
1828020
1806236
1807584
1827709
1799700
1833622
1811319
1831547
1821070
1816402
1810489
1813290
1818684
1806028
1796900
1823975
1811630
1818580
1826983
1811526
1845344
1820655
1820551
1810696
1827605
1814950
1827813
1831340
1816609
1808518
1791402
1840676
1828124
1819514
1825219
1814535
1808518
1790364
1813601
1798974
1818684
1820136
1802813
1827502
1815779
1830510
1802813
1811111
1808103
1811526
1824286
1827605
1793061
1816298
1822730
1834763
1814846
1830406
1818269
1788082
1809659
1816609
1805613
1793373
1819099
1808414
1814950
1823248
1823663
1813186
1826464
1816817
1815053
1823352
1812460
1802605
1802190
1839535
1813082
1821070
1816609
1812460
1820655
1803642
1835282
1805821
1824078
1827605
1825219
1812045
1819203
1815261
1813290
1835489
1822626
1802709
1827605
1824182
1815261
1818062
1818684
1822211
1831443
1836734
1804680
1821589
1826568
1823352
1794306
1828643
1814846
1811215
1813186
1796692
1824804
1816817
1833518
1809763
1836319
1824182
1823041
1829472
1815883
1805717
1821796
1799908
1823456
1825323
1832170
1790987
1824078
1814535
1820759
1799182
1843166
1835904
1814327
1845240
1823041
1802190
1831858
1805198
1798974
1842543
1809659
1832896
1803954
1823560
1819825
1822730
1791609
1803539
1805717
1796485
1837979
1835385
1845344
1838705
1811630
1817647
1796900
1823560
1800219
1798144
1825116
1804887
1829991
1852294
1812875
1810696
1827709
1810904
1838394
1792128
1810489
1823975
1814016
1822730
1808103
1817128
1812149
1816506
1809140
1810593
1809037
1811838
1788808
1830199
1828124
1820759
1834244
1815779
1832066
1810696
1803539
1828020
1810904
1822315
1821485
1828746
1821485
1812460
1825945
1816194
1829058
1825116
1805302
1808311
1816298
1838497
1823560
1814431
1817854
1830406
1796900
1824078
1813186
1814120
1827813
1820033
1811008
1801775
1826775
1820448
1828124
1803227
1814535
1819203
1819721
1811941
1797937
1811941
1809763
1835282
1829784
1825634
1812564
1813912
1799286
1823145
1800945
1775945
1841609
1828228
1797211
1809452
1816817
1800634
1820862
1804057
1822833
1826153
1806028
1833311
1798352
1831962
1798144
1804784
1819203
1825738
1826257
1792024
1825012
1812667
1820966
1825427
1795655
1822833
1808414
1825738
1818477
1809348
1806236
1798663
1804784
1819618
1800945
1827502
1814431
1805095
1828850
1814742
1819410
1811008
1833933
1802294
1823248
1804161
1790572
1795136
1794410
1806236
1833622
1812149
1825219
1814223
1830821
1825634
1812460
1802813
1847419
1800323
1806962
1842854
1831858
1813290
1819825
1853228
1840676
1799182
1822626
1809140
1797003
1824701
1835489
1802398
1804057
1798974
1822937
1812149
1833414
1800219
1802709
1821174
1822107
1832688
1813394
1814016
1830925
1806962
1828954
1803124
1797315
1830821
1802086
1814120
1839535
1813808
1824493
1824493
1828435
1816402
1829680
1822522
1822937
1801983
1817854
1807377
1819099
1793165
1809348
1802294
1799908
1807792
1800738
1813186
1805302
1795447
1812979
1815572
1843684
1836319
1823560
1809659
1795655
1805302
1816713
1825219
1818477
1815883
1821381
1807688
1832066
1809244
1820344
1813808
1815157
1812979
1805717
1820344
1802709
1832377
1817439
1815468
1813705
1833933
1820240
1827916
1836734
1812252
1819099
1816713
1806443
1846693
1799078
1820448
1814016
1836215
1817958
1795344
1812667
1834452
1821900
1812045
1799700
1822730
1834244
1838705
1815572
1819410
1825945
1820759
1813705
1843062
1824908
1817232
1820966
1833622
1827502
1806858
1823145
1821070
1802916
1803331
1830095
1810281
1806754
1825427
1804369
1810904
1817439
1830510
1845551
1794306
1812667
1798456
1816713
1818580
1830614
1795447
1827916
1817232
1788186
1811319
1822315
1825842
1795240
1801257
1803954
1825219
1809037
1798871
1833829
1811630
1810696
1803331
1809867
1818788
1831547
1805406
1817958
1810696
1804265
1809555
1822418
1832273
1812045
1829472
1821174
1817232
1804991
1828954
1812460
1826568
1811630
1798144
1826879
1815365
1785904
1831443
1805095
1803227
1818477
1825012
1805198
1822004
1795966
1806236
1814638
1797833
1808725
1826049
1820655
1819929
1821485
1818684
1843477
1824078
1807481
1822107
1807273
1827502
1809763
1831547
1800634
1827502
1812875
1809244
1806754
1813912
1818477
1828850
1802190
1825219
1816091
1800012
1817335
1809244
1817750
1800738
1813705
1816921
1798767
1811941
1811941
1814638
1815365
1827813
1814950
1810178
1797107
1820759
1784140
1829369
1814535
1816713
1821692
1795032
1809867
1803746
1802813
1818062
1830095
1841091
1809244
1802916
1817854
1810800
1821589
1807688
1820033
1817647
1807896
1802294
1806754
1846900
1799908
1806236
1805821
1826049
1826360
1811423
1818580
1833933
1817647
1820551
1808518
1843580
1831340
1806651
1823663
1820655
1810800
1835178
1824182
1820966
1827813
1804472
1829058
1793476
1826153
1810593
1804265
1804265
1818165
1801775
1807584
1795551
1798663
1781132
1806651
1827916
1806754
1795862
1806340
1811630
1839224
1821589
1815676
1807688
1820655
1831340
1808311
1817958
1820862
1799286
1820862
1832273
1812149
1806443
1820759
1799286
1820344
1815779
1817543
1814016
1809867
1802398
1824701
1850427
1814327
1815053
1825116
1804161
1832688
1817232
1803850
1809763
1847107
1829576
1815779
1830717
1813290
1805406
1810385
1829472
1796381
1812564
1817232
1800115
1801775
1796173
1804472
1805613
1827605
1832170
1807481
1806236
1791402
1822626
1831547
1827605
1812460
1809037
1822730
1804161
1814223
1816713
1793788
1806858
1836630
1817854
1824804
1840676
1810385
1821900
1814016
1811423
1803539
1811526
1811734
1812875
1798974
1809452
1833103
1817024
1812045
1837460
1808103
1817335
1821692
1811526
1811838
1813912
1819825
1833829
1813186
1804369
1802086
1812460
1804472
1810904
1812564
1815676
1803642
1808622
1816609
1813705
1794825
1800842
1807792
1835282
1802813
1806028
1816609
1831755
1788705
1806754
1817543
1807481
1788808
1806028
1804369
1810593
1819514
1823560
1820448
1825012
1817128
1798456
1818373
1813705
1822937
1801360
1825738
1818891
1805406
1817543
1811111
1820240
1808103
1795447
1811941
1807584
1831236
1806547
1805717
1827813
1788393
1821900
1832377
1805095
1831858
1821485
1810593
1831858
1795032
1826049
1796173
1818684
1798871
1820655
1823456
1814016
1821070
1811215
1807896
1813186
1816194
1789431
1839016
1800115
1812149
1809452
1811630
1814846
1842647
1821796
1804161
1792232
1811215
1836215
1850842
1798248
1825219
1829576
1832688
1828435
1829680
1827502
1799078
1797211
1817128
1819099
1800530
1796692
1798352
1822626
1824701
1808725
1816298
1846796
1824493
1810074
1821381
1812979
1807792
1813705
1832585
1812564
1788705
1805406
1806340
1814120
1807481
1820033
1846589
1810178
1818684
1820551
1815572
1812460
1796588
1823352
1807584
1825634
1811215
1806547
1788808
1833103
1821277
1849597
1834556
1810904
1813808
1831236
1813705
1825323
1801257
1821381
1801464
1836112
1834244
1817958
1834244
1827398
1816609
1821692
1815883
1813808
1803020
1802605
1811734
1829369
1800012
1811734
1798456
1801671
1804265
1833518
1810489
1810178
1815261
1839950
1817750
1803850
1830510
1841091
1809970
1808933
1849390
1810074
1813497
1796796
1796796
1812564
1799700
1808103
1808622
1818891
1827502
1833622
1812875
1830510
1838186
1819825
1818684
1824804
1820033
1812252
1832792
1799597
1804161
1827605
1824182
1839950
1822418
1829680
1815572
1815261
1792958
1826775
1809140
1831132
1830614
1805821
1820344
1827294
1798663
1818684
1815468
1813290
1812252
1801879
1836941
1815987
1798248
1827294
1806858
1820240
1799286
1833414
1817647
1825427
1801671
1809348
1828746
1791817
1832999
1816194
1827398
1826672
1805821
1821589
1803020
1819618
1805717
1814638
1810385
1814431
1809970
1821277
1826360
1800738
1815157
1807896
1824493
1827502
1783310
1804576
1813186
1822626
1828539
1808103
1820033
1807481
1813912
1803539
1814120
1833103
1823248
1828850
1836941
1815883
1832688
1794203
1821589
1808933
1800012
1842128
1814742
1804161
1801153
1813290
1820655
1814742
1821589
1808622
1814638
1815987
1824701
1811111
1832066
1811111
1789846
1848871
1817750
1810385
1817128
1827398
1805613
1815572
1817024
1828850
1792335
1821796
1810696
1845136
1799597
1802190
1832999
1806443
1820551
1799389
1818269
1837253
1807896
1830095
1827294
1819410
1807377
1804057
1838601
1799078
1803850
1812252
1826879
1813186
1813290
1825427
1807896
1808414
1848352
1817750
1823663
1850946
1821070
1821174
1801671
1801568
1820655
1803539
1820240
1834867
1812771
1825738
1820655
1812252
1821277
1827709
1798974
1816194
1809452
1820136
1815261
1823560
1819410
1809555
1821900
1818477
1819721
1830821
1814327
1836838
1823767
1830095
1810489
1828020
1822107
1822522
1800323
1802916
1823145
1823145
1813186
1840572
1814223
1804991
1819825
1809140
1826153
1810800
1825427
1813808
1815157
1831962
1804369
1810696
1848249
1809970
1828020
1803435
1789534
1812771
1831547
1837253
1821174
1807377
1804887
1822833
1803746
1852709
1816713
1824078
1826049
1817647
1804472
1821070
1812564
1806754
1816194
1812667
1790676
1803954
1836008
1785696
1811215
1817439
1811319
1784763
1795759
1817854
1828539
1810074
1820862
1802605
1814638
1805095
1812979
1807169
1792647
1822937
1813082
1815157
1795447
1813497
1831547
1828228
1833207
1813394
1834970
1820136
1807169
1806754
1822833
1833622
1826464
1787563
1802501
1823871
1829576
1825012
1819514
1806443
1802709
1815261
1830510
1808414
1814120
1807896
1819514
1784036
1820966
1819099
1805717
1803124
1805613
1812564
1813808
1837771
1820759
1803331
1822211
1820240
1816506
1810178
1817854
1804265
1843892
1831651
1823041
1809452
1805613
1824078
1815053
1818269
1824701
1819618
1795655
1799286
1820033
1804887
1826257
1809037
1799286
1819721
1817024
1833103
1798559
1803227
1811630
1807377
1833726
1810489
1846485
1808622
1802813
1838601
1809867
1822937
1812979
1825219
1791194
1812149
1794617
1804887
1815053
1825116
1815468
1807066
1817854
1799493
1783622
1835904
1812667
1820240
1814016
1813186
1805821
1800323
1802501
1834659
1806340
1829058
1805925
1791817
1820240
1829058
1830717
1820759
1809244
1816194
1820759
1811941
1828124
1820136
1809763
1815365
1812771
1815987
1814846
1794514
1811423
1826153
1821381
1804161
1808829
1801464
1816402
1794410
1805095
1820136
1827398
1831547
1817232
1807377
1834452
1815572
1830925
1816713
1785696
1805717
1801257
1821589
1801049
1810385
1814431
1816402
1830095
1818373
1820448
1821692
1795551
1782066
1823145
1808829
1815157
1801983
1816817
1803850
1811941
1814223
1805198
1793476
1813082
1812460
1819514
1805510
1829058
1807584
1831651
1806754
1773767
1822004
1829576
1806132
1824389
1804991
1818788
1813497
1816194
1787149
1820448
1822730
1820551
1824597
1802605
1807377
1809037
1815676
1812356
1813394
1829784
1827605
1825219
1818062
1818062
1818995
1807273
1813394
1808207
1840261
1824701
1796277
1785074
1800842
1813912
1824597
1818373
1819825
1815779
1789534
1805406
1798352
1803746
1825012
1832066
1808518
1789120
1837356
1820759
1827190
1821796
1835489
1813808
1815261
1806236
1815261
1813290
1797315
1833829
1791194
1805302
1818165
1836008
1813497
1819514
1804057
1829576
1800427
1829887
1827294
1789534
1819618
1810489
1808725
1798041
1828850
1816921
1792854
1818684
1823248
1803539
1794721
1813394
1813912
1815261
1820862
1815779
1820448
1814950
1797003
1815779
1814327
1816506
1810593
1805406
1827813
1821485
1821589
1821485
1797833
1823560
1793995
1822730
1819929
1827813
1793476
1823145
1819514
1812875
1821277
1784140
1814120
1824286
1815779
1822315
1810074
1813186
1797937
1822626
1803435
1811734
1823145
1812460
1815883
1804161
1825012
1805613
1832170
1820551
1807792
1815468
1809659
1808207
1826153
1806858
1799493
1810800
1818477
1794825
1826153
1785800
1802190
1811526
1821692
1811838
1824908
1793995
1829058
1839950
1817335
1839224
1813186
1822833
1812979
1818373
1797522
1848145
1807688
1802190
1807999
1819410
1804472
1801671
1805613
1827294
1842128
1826464
1801049
1812356
1813912
1801049
1806858
1796277
1813082
1822107
1808207
1814742
1823767
1818788
1809763
1820655
1807481
1803124
1812979
1792854
1811941
1825116
1836319
1800530
1820862
1785800
1809970
1803850
1809140
1824804
1826775
1834348
1809867
1818995
1817335
1841195
1830614
1814638
1836526
1796381
1817647
1814846
1824908
1808829
1807688
1821381
1801153
1800530
1822107
1828539
1828643
1825842
1815365
1805821
1808725
1808725
1833726
1813705
1801153
1811319
1816817
1844825
1808207
1812460
1814223
1821589
1820551
1828850
1816506
1815779
1813186
1827502
1822418
1837875
1808518
1786526
1819306
1805613
1814535
1838394
1904680
1830095
1843373
1812875
1814742
1821174
1814638
1810074
1808103
1821796
1822730
1807896
1832585
1812667
1835800
1801360
1807273
1788705
1799078
1801671
1812460
1828020
1821692
1814016
1805406
1805925
1809763
1822315
1825945
1819410
1835282
1798559
1826153
1798352
1829576
1813808
1814742
1814016
1813290
1827087
1817647
1811630
1815676
1801775
1820966
1817439
1811838
1802813
1822937
1819514
1812356
1801464
1823871
1818165
1846278
1816194
1798041
1817647
1833414
1833829
1825323
1835489
1810489
1812875
1806132
1811838
1791402
1806858
1808622
1833933
1838601
1812356
1818891
1815572
1818788
1822004
1803020
1818269
1817439
1806962
1817128
1804576
1816194
1815676
1814535
1834659
1813705
1811526
1789120
1800427
1814431
1821589
1826153
1806340
1817232
1798144
1814120
1840676
1803124
1824908
1824389
1822937
1813705
1829576
1779783
1819929
1819410
1813186
1802398
1841091
1806340
1807999
1807273
1816298
1812252
1818788
1812771
1814223
1818269
1842543
1820862
1821485
1847004
1808933
1805613
1830510
1815157
1791817
1824908
1808311
1804265
1821900
1834867
1812045
1821589
1806547
1834867
1800634
1805406
1823248
1813497
1835593
1820759
1829784
1797315
1824701
1812460
1814950
1790053
1802605
1809763
1818788
1813705
1808414
1792024
1807792
1829265
1811838
1790883
1835074
1824804
1796588
1805406
1815053
1811838
1804576
1825531
1816194
1798559
1825116
1815676
1818477
1810800
1826775
1829472
1832792
1807688
1820862
1809763
1811838
1810696
1818891
1794929
1835385
1797626
1801360
1805821
1829058
1803331
1817958
1811215
1799597
1806340
1818891
1810178
1816298
1830510
1828539
1810696
1810385
1802086
1815468
1811215
1828435
1812045
1825427
1804680
1814742
1806443
1803954
1823248
1833311
1798248
1815987
1825427
1788393
1812460
1836319
1811111
1792750
1836112
1799182
1828643
1809348
1799286
1834452
1811423
1793269
1803227
1791298
1818062
1823248
1813186
1816609
1796070
1803227
1806028
1807896
1821277
1822315
1810800
1789846
1815883
1790364
1829887
1821485
1810904
1810800
1815365
1799804
1803331
1802086
1827087
1816402
1831132
1810385
1802709
1831029
1819410
1800219
1820448
1817335
1823560
1812252
1828954
1815053
1808518
1824493
1840157
1826672
1808725
1812356
1826153
1820240
1802709
1825945
1829058
1815676
1823975
1812149
1820862
1821796
1810074
1808103
1809763
1821485
1824389
1805198
1811734
1831962
1818477
1814846
1826672
1820448
1813497
1812356
1826568
1831547
1803124
1807066
1803124
1821070
1802709
1795759
1810178
1815365
1809348
1794099
1794099
1828643
1803954
1831029
1822211
1800738
1784036
1827813
1832170
1821277
1846693
1841713
1811630
1825945
1824804
1821485
1798041
1822833
1824908
1831132
1803539
1830717
1820240
1824804
1827190
1813186
1796173
1798248
1822107
1810178
1805821
1809348
1813290
1819825
1823975
1825531
1803954
1817647
1782480
1816402
1811838
1801568
1820551
1797315
1829369
1811423
1805821
1790572
1806236
1822937
1826257
1813808
1812149
1788912
1814535
1813705
1811630
1829369
1817543
1825427
1823560
1817232
1804576
1809348
1823145
1823560
1830717
1814638
1832481
1824701
1848871
1817543
1813808
1806028
1816298
1823975
1834141
1825116
1813808
1811941
1825842
1812356
1828954
1815261
1816194
1819825
1815572
1796277
1812252
1818373
1801671
1808414
1822730
1809244
1810904
1822004
1808933
1823767
1806132
1811630
1815676
1819306
1826360
1822833
1793165
1807896
1805302
1801775
1815779
1828228
1805510
1813186
1831236
1812564
1809348
1797833
1836941
1807273
1782066
1806547
1812979
1806651
1820033
1818165
1813186
1811423
1812149
1822315
1803642
1809970
1816921
1832066
1799700
1799597
1804576
1819514
1818891
1829784
1806443
1830614
1810696
1824804
1801257
1784451
1809037
1826672
1806340
1821692
1806443
1806340
1825634
1819410
1816091
1835904
1814120
1828954
1832688
1810074
1810904
1791505
1817750
1814535
1808103
1821796
1830199
1809867
1817854
1828643
1826775
1839016
1819099
1814535
1823767
1816194
1799286
1843166
1837771
1822937
1803227
1807273
1808311
1817647
1811215
1800842
1835282
1805302
1803124
1807792
1823248
1810800
1824286
1811215
1817647
1832273
1819721
1813601
1823871
1821796
1817232
1824908
1807481
1806028
1820344
1797626
1814638
1825116
1802813
1810593
1827605
1829472
1816506
1830095
1829680
1827502
1809867
1808622
1811941
1810178
1796173
1804265
1821589
1808622
1808414
1816402
1819410
1827916
1804576
1817335
1818995
1814120
1822626
1809348
1826775
1789120
1797626
1803850
1807896
1813808
1808933
1821900
1809867
1798767
1806754
1807584
1819306
1824701
1811838
1839535
1818373
1825531
1825634
1829680
1828850
1825116
1824908
1803954
1831236
1816194
1807169
1813601
1801257
1826775
1825738
1821070
1827502
1819514
1810593
1809659
1818269
1803227
1828539
1804680
1814742
1806340
1812667
1823767
1819410
1836112
1807377
1811526
1818788
1813290
1812252
1787978
1858103
1829472
1842751
1818788
1833726
1814431
1810904
1817647
1822626
1830302
1820448
1818788
1810800
1833207
1819410
1823248
1804057
1812667
1847419
1823456
1831651
1800012
1797003
1817335
1790157
1818373
1801360
1807792
1800530
1821277
1824804
1799597
1812460
1823352
1804369
1797833
1808414
1807169
1829265
1815779
1813601
1822107
1809555
1814431
1820136
1807584
1836319
1818373
1804680
1799078
1810489
1817647
1813808
1820655
1823767
1829576
1793788
1813082
1808414
1790779
1824389
1814535
1800323
1824908
1805198
1798559
1815987
1815468
1807273
1815157
1832585
1833518
1811630
1817439
1798352
1803227
1796588
1806858
1830925
1820448
1836941
1812045
1823456
1803227
1796070
1818788
1827916
1801879
1819203
1797418
1788186
1827916
1819306
1823248
1795862
1831340
1801049
1798352
1810178
1815883
1812979
1807584
1815365
1814638
1816091
1808725
1825323
1806962
1813497
1833933
1800219
1818062
1799182
1798248
1808103
1797315
1797626
1794306
1819929
1823248
1816298
1799700
1830821
1820966
1797003
1824908
1805925
1822107
1801153
1798559
1808933
1824286
1832999
1848249
1819306
1814016
1809140
1820862
1800323
1807377
1829991
1806443
1818165
1824389
1801153
1798352
1797937
1832377
1837253
1796588
1834348
1803746
1825116
1803539
1804887
1834659
1813705
1813497
1810178
1815572
1790053
1802813
1796796
1816506
1815987
1803124
1827087
1817958
1815053
1814223
1811526
1819306
1839639
1835385
1820240
1811111
1820862
1812149
1806858
1798248
1821277
1803850
1821277
1806443
1832688
1789223
1786734
1803124
1816506
1833207
1800323
1815883
1819825
1821900
1793684
1814846
1819306
1803227
1818995
1823041
1826049
1801049
1790676
1810904
1808311
1825531
1805925
1786941
1812875
1809037
1811319
1820240
1788082
1815053
1806443
1794721
1840053
1836838
1808829
1799908
1831962
1812149
1794203
1824908
1811734
1815572
1796692
1815468
1814950
1814120
1809970
1820759
1817750
1799597
1821174
1820240
1804887
1808518
1816402
1802709
1803746
1817750
1808518
1824493
1823145
1799700
1819410
1805095
1816921
1799286
1789534
1829058
1803954
1806340
1777605
1819410
1795759
1822522
1820759
1810385
1839016
1817232
1795655
1813290
1814950
1803746
1820136
1825012
1846589
1813394
1831443
1796588
1808725
1823145
1783103
1796588
1832896
1822211
1824286
1814223
1812460
1830095
1789016
1824286
1802086
1814120
1815987
1815157
1824286
1826464
1832481
1813808
1815365
1815365
1806028
1824286
1792128
1803642
1816194
1832999
1797003
1826464
1812252
1808725
1811215
1791920
1820344
1826775
1805510
1804991
1781028
1804680
1824182
1817232
1827294
1835697
1807896
1802086
1817439
1813705
1811423
1815365
1819929
1818373
1797730
1807688
1815365
1804161
1810593
1819203
1801360
1794929
1817750
1831132
1827916
1823560
1828746
1810385
1815883
1830199
1800530
1804369
1818995
1782999
1817750
1799700
1809452
1811423
1815365
1818995
1829369
1801464
1821381
1804369
1807999
1814535
1819099
1796485
1828954
1825842
1840883
1809244
1797418
1830510
1824286
1839016
1819618
1809140
1823975
1799700
1834452
1816713
1823871
1824804
1816091
1803642
1810074
1832896
1841091
1830510
1805717
1818477
1818477
1822418
1816713
1815779
1820966
1806340
1808518
1812979
1815987
1824804
1818165
1796692
1807377
1837460
1823248
1807066
1826257
1800115
1816298
1829680
1789846
1815676
1815468
1806028
1828746
1822107
1827398
1790364
1824908
1795032
1820551
1810593
1838601
1819514
1822937
1826360
1822522
1817958
1822315
1810489
1817543
1783622
1812460
1793891
1825427
1808933
1797315
1784970
1801257
1812252
1817024
1845448
1824908
1802813
1815676
1825945
1807377
1833103
1834659
1824908
1821900
1814223
1803124
1803954
1827813
1820240
1814638
1814638
1807169
1809348
1814742
1819514
1807273
1803020
1825012
1803642
1834556
1812771
1804161
1817543
1811008
1814638
1819099
1835697
1792750
1787149
1804991
1800530
1820551
1797626
1835385
1797937
1836941
1813082
1809763
1823456
1828331
1813082
1811423
1800115
1806754
1797833
1819099
1828435
1824597
1830199
1810489
1816402
1813912
1824286
1829472
1821692
1816817
1790883
1814846
1803954
1820033
1799804
1832377
1822522
1814120
1813394
1820966
1814742
1785696
1812149
1798767
1814431
1820033
1823767
1830302
1832896
1827087
1815157
1824493
1806236
1820136
1801775
1815053
1805821
1827502
1825531
1826049
1816298
1800945
1843580
1823352
1799389
1795240
1812875
1831340
1827190
1812045
1787252
1830614
1810178
1811526
1839016
1811941
1820344
1805198
1814638
1822418
1821277
1813601
1808725
1816194
1820448
1814223
1824182
1820655
1819929
1820551
1825842
1814120
1813082
1823456
1826775
1834037
1803642
1812564
1803746
1825738
1825012
1824597
1804472
1804369
1793165
1813601
1822418
1826983
1808311
1837149
1806028
1815468
1814223
1811526
1809452
1822730
1824078
1794099
1816713
1802190
1824078
1817854
1810800
1817439
1818373
1828643
1804887
1808518
1818891
1818580
1818995
1810696
1818062
1804369
1806858
1825531
1801983
1801257
1818684
1821485
1834659
1827294
1825012
1833726
1807481
1803746
1824493
1823145
1799389
1807792
1810904
1829991
1810800
1829472
1800634
1810281
1819410
1798663
1811008
1804784
1811215
1830821
1823456
1815883
1806547
1809555
1825738
1815261
1811630
1802398
1818269
1824804
1827398
1811111
1828643
1807999
1805510
1797937
1822004
1822626
1816506
1798144
1810593
1820655
1831443
1814327
1832066
1803746
1819099
1826879
1820759
1828228
1816609
1791817
1825427
1808103
1826464
1826983
1825738
1797730
1826568
1822937
1810385
1809867
1811941
1809244
1833311
1820655
1844410
1807273
1814431
1810696
1795759
1797107
1824804
1794203
1820136
1799908
1803124
1811423
1827605
1823560
1814223
1794617
1805302
1819929
1832170
1815676
1811008
1819721
1813497
1828020
1833622
1805925
1810281
1804057
1841713
1810074
1840780
1802294
1818580
1845655
1802916
1828746
1824597
1823456
1810074
1805717
1801360
1827294
1795344
1828746
1804680
1809555
1828643
1814327
1820966
1817024
1818891
1823041
1814223
1820448
1804472
1828124
1838290
1807377
1813705
1832273
1806443
1825219
1817543
1825427
1816091
1825634
1812460
1814327
1819410
1827916
1818165
1811941
1814327
1823871
1827087
1818477
1818269
1828228
1813082
1816298
1796485
1829058
1821589
1815365
1819306
1816091
1827087
1791817
1831132
1820759
1822730
1807896
1805613
1838809
1825531
1814223
1837149
1842751
1807688
1826775
1805925
1818684
1818580
1819203
1809244
1822626
1832585
1795032
1813290
1802294
1818995
1794099
1821692
1822315
1824182
1812979
1827190
1809867
1784763
1825219
1817647
1806547
1817750
1810178
1815261
1784970
1818891
1774804
1815572
1798974
1799493
1819514
1828124
1811941
1809244
1830095
1820240
1826049
1810593
1817543
1814223
1826775
1808311
1817439
1820136
1809140
1808103
1793476
1821485
1822315
1822522
1828643
1823560
1821900
1807792
1814016
1815987
1811111
1803227
1810696
1803746
1798974
1804369
1828228
1826360
1812667
1827916
1808622
1811941
1804057
1803850
1814638
1830406
1806236
1822626
1812356
1817232
1814950
1796381
1835178
1810074
1828643
1814431
1815883
1809140
1817958
1823456
1798663
1814742
1796277
1833414
1809659
1813497
1818995
1823767
1817128
1836526
1802709
1825323
1808103
1813705
1804576
1822522
1830199
1804887
1827294
1809244
1806132
1797418
1811838
1784244
1801464
1819306
1802190
1804991
1827916
1809555
1806858
1805717
1820344
1811215
1826775
1824597
1819203
1796796
1818269
1839120
1801153
1815779
1808207
1822315
1806858
1827087
1812875
1816402
1816817
1803746
1831443
1790261
1785074
1825531
1800530
1819929
1801049
1816921
1793995
1804784
1814120
1825012
1824493
1826775
1826775
1805510
1799804
1826983
1807481
1803746
1822211
1805821
1790261
1834037
1820240
1819099
1810800
1802605
1846174
1832688
1810489
1827398
1815779
1808414
1827605
1824078
1825634
1815572
1818684
1827502
1804576
1808829
1806858
1825012
1817854
1805925
1832792
1820759
1836112
1818580
1819514
1789431
1820551
1812979
1808103
1831962
1817543
1810178
1792232
1809970
1812564
1806443
1797418
1816609
1826257
1817647
1818891
1813186
1807688
1826153
1791090
1804991
1821174
1813705
1819721
1813497
1803850
1818684
1805613
1796796
1813082
1817232
1825842
1813912
1827190
1840780
1825427
1809348
1808933
1808103
1821174
1812771
1808103
1810281
1822211
1816817
1832896
1816402
1785593
1830199
1801775
1809037
1836215
1817958
1797626
1796796
1804057
1816817
1810800
1815572
1822315
1823145
1856236
1834037
1831858
1822833
1835593
1818891
1812875
1828539
1788186
1802813
1806858
1799078
1807688
1791713
1810281
1816609
1817439
1797730
1822626
1810178
1797626
1806443
1797107
1793995
1812149
1813497
1836838
1820551
1823248
1817128
1795447
1809659
1822211
1816609
1813912
1805510
1820862
1808933
1806547
1813912
1818580
1821381
1822522
1809140
1821796
1806236
1808518
1823871
1823560
1824701
1814535
1804161
1814535
1824078
1790053
1810489
1814846
1808103
1785696
1788601
1819410
1814950
1807481
1821692
1814120
1793269
1801879
1815987
1818477
1826464
1826672
1836941
1819410
1783414
1818269
1803227
1805510
1815261
1825427
1802916
1803539
1805925
1824908
1832688
1810178
1833933
1818269
1798248
1830925
1806858
1801879
1842854
1822418
1795759
1837875
1796485
1841195
1799804
1823975
1853228
1819306
1825219
1815365
1813705
1823352
1807377
1808622
1819618
1809555
1817543
1818684
1820966
1821174
1823663
1819203
1822626
1813290
1803746
1793165
1796381
1828228
1818684
1812356
1812149
1813082
1802709
1804057
1819099
1830095
1815261
1829472
1808311
1816194
1829991
1819306
1836319
1803331
1810904
1812460
1811734
1830199
1816817
1814016
1817024
1787978
1796588
1815365
1799597
1826153
1796588
1840987
1822522
1834037
1802086
1799389
1801775
1803642
1799908
1806028
1797107
1802294
1817854
1803850
1811319
1803227
1828124
1818995
1824389
1805821
1829265
1813186
1833829
1818477
1823663
1809140
1819306
1819410
1828643
1837045
1793476
1833933
1790572
1813186
1827502
1827087
1810904
1816091
1826983
1840365
1816402
1809970
1826464
1821174
1815468
1817854
1827087
1825116
1827605
1819618
1818165
1828228
1818684
1822418
1829265
1808933
1806340
1803642
1823663
1820344
1822211
1838912
1825945
1809348
1802294
1832896
1812667
1828020
1810074
1853020
1805095
1828643
1824493
1808725
1816298
1831858
1821070
1819203
1796692
1818788
1816298
1797833
1817750
1830614
1816506
1806340
1814016
1808622
1834141
1819203
1821900
1812460
1809555
1805302
1813186
1814223
1806340
1813082
1820551
1827709
1804887
1800738
1816609
1825427
1816817
1828020
1808622
1834348
1790157
1812564
1808518
1810074
1815987
1798144
1827294
1827398
1815676
1816091
1811526
1809659
1816713
1830821
1815261
1821589
1826672
1813082
1807896
1799493
1813497
1841817
1809970
1787771
1815883
1800219
1820655
1811630
1823560
1817232
1806651
1809659
1816091
1825012
1796070
1838394
1795759
1823248
1815883
1809348
1801464
1839950
1814742
1815053
1803331
1792647
1832170
1802501
1820136
1820655
1821796
1791817
1796070
1831547
1827294
1830925
1807481
1822211
1789223
1800634
1805925
1812460
1808311
1800842
1805717
1807169
1840157
1813186
1811423
1830614
1795551
1815261
1801671
1810489
1813186
1822107
1814846
1814846
1812149
1831547
1824597
1827398
1805613
1795240
1824182
1833829
1806651
1835697
1822004
1822315
1834141
1819306
1818269
1828954
1815053
1815987
1806858
1828331
1828954
1831547
1818891
1805613
1781858
1833933
1812771
1822833
1830925
1819825
1796588
1790676
1831443
1816609
1804887
1814431
1806962
1823248
1821589
1807999
1806340
1807792
1816921
1824078
1821900
1811319
1814638
1810696
1804784
1810281
1823560
1807169
1806547
1821070
1820966
1797833
1822315
1807999
1804887
1796900
1793061
1826879
1822833
1810800
1820240
1842024
1819514
1793891
1810800
1822107
1820136
1838186
1812979
1818477
1806132
1798767
1835385
1814120
1798144
1826153
1804887
1803954
1817854
1804680
1837564
1804784
1804680
1810281
1823248
1807273
1806340
1808725
1793061
1816921
1820344
1798767
1812460
1807792
1803850
1820655
1812460
1814638
1816091
1800530
1806858
1822833
1808933
1809452
1827916
1810593
1813912
1809348
1808518
1830302
1826464
1814950
1798663
1810696
1826360
1802709
1801464
1832688
1840676
1813186
1818477
1822315
1810800
1830717
1819306
1825842
1829991
1803954
1807688
1820655
1816506
1818995
1817232
1834141
1808622
1801775
1823975
1800634
1810178
1823767
1819929
1797522
1807481
1811008
1816194
1804265
1831029
1808622
1789327
1812564
1800945
1832792
1805198
1811630
1838394
1817024
1792232
1839639
1812045
1815676
1835489
1807999
1808311
1824286
1838912
1811008
1828020
1803435
1813808
1796277
1818062
1841402
1847107
1822522
1827813
1807481
1806236
1819099
1815676
1809970
1797937
1806547
1838705
1845240
1827398
1800530
1813186
1798559
1804887
1819825
1825945
1796381
1818891
1817232
1807584
1806132
1832377
1824286
1810178
1831443
1817024
1805821
1821174
1822315
1823456
1812356
1822522
1790572
1817854
1828331
1812149
1829784
1816091
1824701
1809037
1797937
1820448
1828124
1824597
1806236
1810904
1820551
1825738
1834452
1808829
1823248
1800012
1804369
1807481
1826049
1819929
1806547
1807896
1822418
1795759
1829265
1820862
1848145
1806132
1812252
1838497
1816194
1822522
1799700
1814638
1832585
1799700
1831443
1801879
1803642
1812667
1825738
1787875
1811630
1829991
1828228
1830199
1818062
1807377
1799908
1818477
1812875
1813912
1801153
1801049
1821070
1820759
1822833
1820448
1827502
1802501
1815261
1834141
1814742
1807066
1829991
1800115
1835074
1806236
1834556
1826464
1841609
1829887
1806132
1801464
1812875
1802916
1807584
1811526
1819721
1799700
1807169
1805510
1831755
1810593
1799493
1801464
1820655
1807377
1824597
1825531
1808414
1816713
1841091
1816506
1796485
1800115
1833622
1832481
1810904
1799493
1806962
1807688
1825842
1828850
1823456
1812771
1791609
1805613
1815261
1814638
1811526
1814742
1800115
1808622
1834556
1808725
1802501
1831132
1835697
1820862
1819825
1816921
1815468
1830925
1833311
1809867
1809970
1795240
1834970
1807066
1801153
1813912
1818062
1792854
1824804
1828228
1806236
1828435
1824078
1805821
1825945
1800012
1824182
1810593
1823248
1812149
1812564
1833103
1822833
1827294
1799597
1788601
1816506
1838705
1809659
1810489
1812564
1827294
1806547
1815468
1797522
1820448
1825531
1847937
1809037
1818269
1785800
1814431
1824597
1810074
1803539
1828435
1815261
1812979
1812667
1825634
1810281
1821485
1831340
1830095
1832066
1817335
1832792
1813601
1820240
1829265
1814638
1802086
1827813
1831236
1823145
1803435
1831029
1815365
1826672
1829576
1823663
1824908
1810593
1823041
1822004
1826049
1827605
1807584
1809867
1831858
1831547
1809659
1822730
1839327
1825116
1819825
1822004
1807792
1799078
1804161
1823871
1817958
1810074
1816402
1814535
1831236
1800219
1819514
1823767
1808103
1826257
1820033
1813912
1819825
1814742
1783829
1829369
1844618
1830406
1799700
1804784
1811838
1803954
1805821
1789638
1814120
1804680
1817854
1830614
1798559
1811630
1840883
1827087
1805198
1819721
1835074
1811838
1813497
1817543
1788186
1838601
1792439
1797418
1822937
1822107
1829369
1809244
1821381
1813497
1812356
1810074
1831962
1832066
1832481
1808933
1814431
1823248
1807688
1807792
1829576
1796277
1822522
1795655
1828020
1821070
1831340
1815468
1831443
1819306
1818995
1809244
1853332
1831651
1811319
1803642
1817335
1791920
1809867
1809037
1834763
1821692
1794306
1809140
1799700
1795136
1828954
1826257
1800945
1814223
1809970
1801775
1815053
1803124
1809244
1815468
1798248
1812149
1825427
1834659
1826568
1821070
1824908
1820344
1829265
1841921
1818269
1812564
1831858
1829058
1821070
1834244
1814016
1825427
1832896
1820033
1812979
1825219
1800323
1827916
1814846
1818269
1784244
1821485
1823041
1831962
1800530
1803746
1827087
1821692
1798352
1812149
1821900
1804472
1829991
1816609
1823767
1828331
1826360
1820344
1800427
1799908
1797418
1803746
1802294
1795344
1811423
1807584
1809970
1798871
1811838
1836423
1805925
1793269
1818477
1824493
1813082
1830095
1799700
1847937
1819410
1821796
1805613
1797937
1846174
1826153
1820551
1821796
1799182
1832896
1837771
1802916
1825634
1815053
1802190
1820033
1791713
1828435
1825842
1813290
1806858
1815053
1814120
1809763
1786630
1826879
1833311
1805198
1828954
1835904
1815468
1806962
1810696
1805510
1809140
1834659
1794203
1805198
1828020
1828020
1811838
1816713
1820136
1849805
1827502
1806547
1825116
1822626
1803954
1814846
1818062
1834037
1814535
1812564
1819306
1813912
1830717
1833207
1813912
1801775
1822418
1799286
1816298
1802190
1805302
1821900
1820655
1821796
1811526
1811526
1808414
1811838
1815779
1812875
1811215
1825323
1819825
1800738
1807169
1832377
1826672
1817958
1816091
1812252
1813497
1784244
1823767
1818062
1819721
1800427
1795136
1809659
1825219
1815157
1807377
1790572
1809452
1823145
1816506
1810281
1813705
1817439
1808622
1825012
1823456
1819929
1811111
1821485
1795447
1806858
1837668
1810281
1813705
1836215
1794099
1818477
1796173
1809348
1811111
1814327
1797937
1830302
1825427
1825219
1807999
1827813
1796588
1829680
1829576
1803331
1805613
1824078
1809452
1802605
1802294
1808829
1806132
1806236
1817128
1823352
1809763
1799700
1809555
1814327
1826983
1808933
1816506
1826360
1819203
1807481
1797626
1829265
1833103
1800634
1817232
1843580
1817128
1818062
1819514
1826983
1795032
1817335
1796381
1806651
1798144
1814431
1804265
1818995
1818580
1824078
1824597
1823456
1821485
1806028
1807481
1804161
1775012
1814846
1799182
1814742
1827502
1834037
1815676
1840987
1821692
1809037
1820344
1812979
1813912
1823767
1827398
1827709
1825219
1828746
1811111
1823663
1832792
1822004
1802190
1794306
1806547
1793891
1801464
1832896
1818684
1825427
1809037
1822211
1814327
1812356
1803435
1793269
1800842
1830717
1824701
1795032
1805821
1805510
1809555
1829784
1828643
1816298
1801049
1818580
1826672
1825012
1805510
1814431
1794099
1828746
1824078
1817128
1809555
1807584
1802086
1832585
1795240
1812252
1798767
1822626
1810385
1786422
1802294
1830925
1807999
1814120
1790364
1828539
1819929
1811838
1817439
1805406
1826879
1787149
1792232
1828124
1820448
1813082
1809140
1791090
1820033
1809037
1810281
1809348
1810385
1815883
1810593
1823560
1834659
1777397
1847419
1811008
1834141
1800634
1819203
1793580
1804369
1806028
1827190
1815053
1835904
1786837
1800323
1822833
1822315
1847211
1819929
1824701
1808207
1802709
1819306
1806340
1798559
1828435
1799182
1823663
1819306
1814846
1805198
1826464
1816817
1796277
1818788
1797937
1820033
1819410
1797937
1816091
1823871
1833311
1820966
1806132
1800842
1806028
1806651
1818062
1829887
1822418
1832585
1813290
1833518
1820862
1819306
1823871
1800115
1832066
1829161
1810281
1809244
1800012
1828331
1831755
1831443
1815157
1809555
1824804
1817854
1819825
1814223
1823871
1817335
1814846
1806443
1803435
1818373
1820655
1797418
1803539
1798559
1796277
1811423
1835489
1828643
1820966
1798974
1791713
1815053
1798871
1815468
1810904
1819721
1808207
1786630
1824182
1825012
1809037
1806858
1813290
1792024
1779680
1799182
1810489
1816921
1800842
1801257
1831547
1814327
1809555
1823663
1812771
1814120
1826983
1820136
1810800
1802916
1821174
1818891
1789327
1809452
1801360
1812252
1820862
1826049
1828850
1828020
1789016
1836215
1801568
1818062
1819618
1814535
1808207
1797003
1813186
1805613
1818684
1781339
1808622
1818373
1799078
1806443
1829265
1808207
1799908
1800219
1840053
1812460
1822937
1824701
1810074
1830614
1820551
1785489
1798871
1819514
1830199
1825427
1797418
1813808
1824597
1815883
1832585
1812875
1819203
1804576
1821381
1795447
1827294
1799493
1831755
1816298
1831340
1810178
1805613
1793269
1805510
1796588
1803331
1813186
1800634
1822004
1832066
1814846
1797937
1812979
1813705
1817854
1808622
1803539
1806340
1829058
1809555
1805095
1819618
1830095
1832792
1792958
1811838
1811734
1804472
1838912
1816506
1803124
1803954
1823248
1814535
1834037
1823352
1823871
1816921
1810281
1821070
1845655
1823560
1793580
1811319
1818062
1834452
1836941
1804680
1829369
1836630
1795551
1814327
1827294
1818580
1826360
1816506
1804161
1815572
1818269
1831132
1819203
1823248
1793373
1815365
1821692
1823145
1804369
1823456
1821589
1808518
1796900
1827709
1810385
1811734
1814431
1825738
1811734
1826672
1810489
1818580
1804784
1832896
1823767
1839742
1837253
1823248
1793061
1837564
1806028
1814742
1809348
1795862
1812979
1811319
1826153
1820862
1844825
1818995
1799804
1804576
1820344
1827190
1793269
1823871
1811008
1828228
1850842
1787978
1825531
1826360
1819099
1825219
1797003
1827709
1795862
1790364
1793891
1786007
1836423
1826464
1828020
1813497
1813290
1811838
1804265
1815779
1808103
1817024
1812667
1816402
1827087
1820033
1815261
1821381
1803331
1804265
1818373
1827916
1812979
1819514
1806028
1822418
1791609
1802813
1831755
1823871
1809244
1815468
1810281
1836838
1801775
1803850
1841298
1832585
1828020
1796070
1818995
1819514
1812979
1819929
1818788
1823456
1822730
1816091
1816298
1802294
1832688
1821277
1812771
1800842
1810178
1816506
1794514
1829680
1811630
1817232
1805717
1795966
1816402
1823560
1817232
1826049
1811423
1796796
1815676
1808414
1807792
1832066
1829784
1807792
1818891
1826672
1801671
1811111
1807688
1793061
1816921
1820862
1814950
1816298
1812564
1812875
1814950
1829576
1804576
1833311
1817128
1816298
1823456
1825945
1818477
1815676
1807273
1805406
1813394
1818269
1806754
1793061
1828954
1792335
1819721
1810593
1799908
1820759
1838705
1806340
1804472
1834556
1843892
1810489
1797522
1821381
1805095
1812149
1813290
1825323
1827398
1817647
1820344
1820448
1820966
1829991
1825531
1810281
1831443
1843788
1830925
1794099
1809970
1834763
1813601
1824597
1815987
1804369
1801775
1812460
1831443
1837564
1826879
1801049
1831962
1809659
1807273
1815779
1808311
1811630
1806547
1806651
1789431
1810696
1839535
1798144
1813290
1810696
1810385
1801983
1812460
1825634
1839327
1821796
1810281
1815883
1811008
1826672
1815676
1811008
1801775
1822004
1829369
1812875
1813290
1800738
1808207
1822626
1835800
1812149
1822937
1798352
1819929
1829576
1817128
1812875
1801568
1826153
1822626
1815261
1836734
1835800
1826464
1817647
1833518
1827294
1811008
1828746
1823145
1818788
1814535
1808622
1807896
1819306
1813082
1823456
1824701
1801671
1825012
1805821
1827294
1822522
1823663
1813082
1806651
1820966
1828124
1807896
1811734
1810385
1827813
1833829
1827813
1800012
1816402
1823456
1825738
1809970
1838186
1816817
1811941
1853020
1793580
1820448
1806547
1817543
1820966
1828020
1830302
1809037
1821589
1825323
1832896
1806651
1828124
1824286
1790468
1810281
1829887
1821485
1814742
1810904
1815261
1807377
1806028
1815157
1806858
1818995
1825012
1797833
1830199
1804887
1811215
1821796
1801360
1811526
1821485
1823663
1821381
1809867
1810904
1825323
1831132
1822211
1817543
1821174
1814846
1821796
1807066
1815987
1823767
1800427
1830717
1801671
1814327
1801257
1796173
1800945
1824701
1824286
1825945
1838290
1820759
1811215
1815676
1793373
1829576
1829058
1813705
1829161
1805925
1812252
1822315
1824078
1821796
1820033
1812979
1825323
1828331
1792958
1776153
1807481
1810904
1810800
1808207
1797418
1809867
1804472
1806858
1826672
1814742
1811734
1822522
1806236
1797522
1819514
1804161
1823145
1820033
1817439
1823871
1831858
1823871
1786941
1819410
1831443
1825738
1807896
1815261
1789120
1803020
1800219
1809763
1814950
1814223
1801049
1804265
1813186
1821277
1834867
1801983
1807792
1800012
1789949
1829058
1793788
1802709
1798559
1803331
1817647
1819306
1807377
1814950
1819825
1826775
1819099
1815053
1822833
1827398
1817128
1832688
1835385
1814223
1804887
1810904
1807584
1794929
1814431
1803331
1853435
1811941
1808414
1825012
1817543
1809867
1845033
1818788
1820551
1841402
1797418
1829161
1796900
1814223
1820759
1825323
1797626
1820033
1806443
1817647
1840365
1827087
1824078
1800738
1796588
1813394
1817439
1805717
1809037
1812875
1826153
1815365
1791609
1820448
1817024
1797937
1816713
1798559
1817335
1820033
1809555
1802709
1806443
1827087
1818788
1817543
1813601
1819203
1827190
1827190
1801983
1801257
1810593
1821900
1816506
1836630
1813601
1815157
1828331
1806028
1819929
1807481
1801568
1818788
1818165
1827502
1820551
1828228
1837771
1833414
1822004
1800530
1825738
1818062
1788705
1789742
1823145
1824389
1815779
1829887
1826879
1823145
1802190
1809763
1807688
1798248
1811111
1814638
1809037
1802813
1789742
1847937
1821070
1798041
1789638
1802916
1819721
1824389
1819306
1801775
1816402
1837979
1806340
1826775
1796381
1800530
1812149
1806858
1802605
1811941
1828539
1826879
1810074
1808829
1828850
1826257
1821485
1824597
1813705
1819203
1819618
1813394
1793373
1822107
1842854
1822211
1804887
1800842
1787771
1820759
1803850
1832377
1814638
1810696
1815676
1823871
1822107
1798559
1821589
1835385
1808311
1826672
1821589
1812252
1808518
1826464
1803331
1813497
1827605
1815987
1816817
1791609
1828539
1833933
1806962
1822833
1821900
1822315
1830302
1797107
1804057
1794306
1833207
1799908
1822626
1827398
1804887
1809659
1814638
1819721
1816194
1823767
1832377
1808933
1792543
1842543
1825116
1825012
1823456
1812356
1798041
1823663
1814223
1827709
1819514
1821277
1815779
1844307
1825427
1803331
1811215
1806028
1839846
1823767
1807688
1830199
1806754
1825012
1815468
1796277
1822418
1809763
1814742
1825945
1810074
1809037
1819514
1819099
1819099
1828954
1822833
1814327
1836423
1817439
1824597
1819306
1806547
1825219
1813601
1819825
1815987
1833518
1801257
1818477
1807481
1805717
1807688
1825842
1803850
1805406
1813601
1823352
1816298
1818062
1834037
1822315
1805198
1809763
1817232
1823041
1812667
1806754
1819514
1814535
1815987
1813808
1805821
1791194
1822418
1824389
1847004
1814638
1814327
1810178
1807999
1828124
1800530
1809555
1800842
1826464
1834348
1818269
1815365
1834037
1790157
1811111
1811423
1803539
1802190
1827605
1809970
1821070
1803954
1824182
1817958
1836630
1814846
1817854
1830614
1825634
1824908
1820136
1828020
1798248
1807273
1831132
1814431
1817335
1847730
1792750
1800427
1813186
1815468
1806340
1810281
1814223
1814016
1835593
1809970
1807377
1836734
1804680
1814016
1820862
1814223
1799182
1817854
1813082
1808207
1800219
1816713
1820759
1789949
1813808
1799182
1797315
1808518
1831547
1788601
1799700
1797107
1836941
1790572
1825945
1806547
1791402
1830925
1828228
1827605
1816609
1823352
1825116
1819825
1823145
1817750
1820240
1809763
1787978
1813186
1798559
1813808
1821485
1820033
1817750
1825842
1796381
1840468
1819825
1825842
1815365
1792750
1801049
1815468
1794410
1821174
1804576
1818165
1809452
1819306
1826775
1812045
1822522
1817854
1811319
1800323
1827916
1809867
1803642
1819410
1790572
1813601
1812149
1805821
1823975
1812149
1823456
1804784
1789016
1795862
1814535
1845655
1815468
1829472
1770136
1817232
1806547
1824493
1810281
1799804
1818477
1786941
1812149
1838601
1827502
1823041
1823767
1792854
1818684
1824286
1811319
1797937
1815053
1815883
1803020
1816921
1803020
1807584
1813290
1831962
1820448
1802709
1811423
1810593
1813082
1841195
1834970
1819410
1803435
1835697
1819618
1810178
1800427
1834659
1822937
1840572
1822107
1800427
1806651
1794099
1805613
1829161
1814846
1814535
1819099
1832273
1767646
1820759
1802190
1816609
1827398
1811215
1815261
1799286
1802916
1809659
1813290
1806340
1811319
1822937
1817854
1818373
1819721
1817128
1792024
1815676
1819099
1799908
1808725
1808414
1813082
1817647
1819306
1829784
1820862
1817128
1809140
1818788
1827813
1795240
1810800
1821174
1821900
1813497
1827813
1805198
1842854
1807896
1814223
1811526
1823871
1827087
1803954
1806962
1809037
1807481
1831236
1807169
1833518
1807169
1810178
1822418
1836319
1808829
1819099
1811630
1821589
1832688
1797522
1812771
1826360
1801049
1820240
1818477
1827916
1801671
1813186
1822833
1820966
1807481
1816713
1808933
1830406
1817958
1821692
1815779
1815468
1781443
1829161
1827813
1810178
1816402
1812979
1817024
1804680
1795862
1822730
1806132
1789534
1790468
1826879
1825116
1838290
1830925
1823871
1817854
1814016
1826568
1816506
1818062
1831962
1825427
1837149
1808622
1824597
1803642
1834970
1841921
1838705
1835697
1812356
1788393
1829887
1821900
1801360
1810489
1807377
1804369
1825738
1805613
1812252
1816713
1823248
1816298
1804057
1826568
1802605
1813808
1788705
1814846
1813186
1823248
1826153
1820033
1817543
1821900
1809763
1814016
1798974
1818269
1813912
1820033
1815157
1817335
1816713
1815883
1824286
1796485
1818062
1802086
1796588
1825323
1779783
1801568
1830302
1811423
1828435
1828746
1821589
1803020
1805095
1824493
1815987
1833726
1809037
1836008
1818373
1818684
1819929
1794721
1799700
1804887
1810281
1809763
1814016
1809037
1821796
1816921
1816194
1821070
1804784
1823560
1838186
1823041
1824701
1793061
1821485
1814846
1821796
1809659
1816298
1795447
1841817
1829991
1820655
1799908
1794825
1795447
1802709
1801568
1819099
1838290
1810281
1810696
1808518
1804265
1820448
1834556
1801671
1809763
1822211
1804784
1814950
1808518
1817543
1819618
1805095
1817439
1805302
1824182
1810800
1794514
1803124
1814535
1840987
1821381
1800219
1823663
1824182
1839742
1823145
1809037
1829991
1828020
1812875
1820033
1812564
1825531
1807377
1827294
1799804
1793891
1804680
1792439
1829161
1830095
1815053
1819514
1801049
1800012
1805095
1817647
1818165
1827294
1786734
1816091
1810281
1817024
1816713
1804576
1819306
1830095
1829991
1841506
1816609
1810593
1797833
1821796
1826775
1815779
1829887
1796381
1823456
1821381
1818580
1797211
1823767
1815987
1822315
1797107
1787045
1812667
1831236
1810904
1798144
1810489
1804991
1831858
1804576
1819929
1807066
1821485
1804991
1811630
1807584
1821589
1814016
1817854
1813601
1831236
1814535
1822418
1823041
1819721
1795344
1794721
1800634
1825116
1800219
1804680
1817958
1790157
1810385
1816713
1798144
1823041
1806962
1794721
1828954
1834037
1799908
1813186
1834659
1800323
1812667
1807688
1795759
1796796
1824597
1813186
1820033
1810385
1811941
1801049
1824078
1828331
1832273
1816298
1833622
1804887
1817750
1792958
1811319
1811630
1808829
1820448
1826568
1804265
1792958
1800842
1827605
1807066
1815676
1818373
1820033
1821174
1803850
1793788
1818373
1807377
1819721
1799078
1816091
1835074
1804887
1813705
1818995
1820344
1809555
1805821
1820862
1814327
1827398
1832688
1818684
1796485
1808311
1825323
1804265
1818891
1828435
1831443
1824078
1807792
1814431
1781754
1812460
1827087
1814950
1790779
1805406
1776256
1840676
1811319
1826464
1826672
1802398
1805198
1816506
1821692
1804472
1830302
1824078
1827398
1820344
1796070
1810385
1804265
1842024
1806132
1821900
1793269
1799286
1807999
1820136
1826360
1830925
1817854
1822418
1801153
1808207
1826568
1797418
1806236
1818891
1821070
1815053
1798663
1815468
1823352
1815053
1830925
1815053
1819203
1826257
1801153
1814223
1797211
1811319
1801153
1809244
1803850
1793788
1811838
1804576
1810385
1823871
1814223
1790883
1833518
1818269
1826049
1800012
1818788
1818788
1803746
1824493
1817543
1815468
1808829
1825531
1820655
1812875
1806547
1845863
1818062
1817647
1822937
1813394
1815572
1802294
1834867
1815987
1804887
1819618
1801671
1814846
1802813
1804887
1808518
1836423
1805613
1829058
1797937
1784970
1798248
1822626
1812771
1799493
1845759
1802813
1803954
1805302
1820033
1820136
1834659
1805510
1814120
1807584
1824286
1811319
1827502
1848663
1822004
1799286
1816713
1794617
1802294
1830510
1809452
1824389
1807584
1817647
1794825
1822418
1825427
1829265
1815365
1816609
1821070
1837045
1822418
1829991
1809555
1816713
1814950
1822004
1800945
1800012
1805406
1820448
1813601
1812149
1789949
1809763
1816921
1804369
1817439
1816921
1802190
1832273
1801464
1827605
1822730
1817750
1830406
1806132
1833103
1825116
1834659
1798767
1812252
1818062
1841195
1830925
1821277
1794203
1813394
1817335
1809037
1810489
1815883
1829161
1826568
1806754
1826879
1807481
1782169
1831547
1798767
1836838
1815883
1825738
1830406
1803850
1806651
1833207
1814638
1831236
1832170
1822833
1793061
1818269
1822211
1823767
1813082
1807584
1806028
1801568
1798974
1824908
1822004
1798663
1821070
1802709
1787149
1808622
1818373
1842958
1808725
1807481
1799908
1813394
1817854
1829887
1831340
1813290
1832896
1812771
1818788
1809348
1820344
1814535
1848145
1822522
1804680
1794514
1796173
1797937
1797315
1807999
1817854
1830614
1834763
1816817
1811630
1814742
1815261
1809140
1800115
1821381
1843373
1811526
1811215
1803227
1825012
1803020
1807169
1814431
1810489
1779991
1800530
1822522
1807377
1778020
1797833
1824078
1809763
1807377
1813186
1829161
1831755
1814846
1801775
1811941
1807377
1841195
1825427
1816609
1828331
1810178
1806547
1821070
1790364
1795655
1815883
1790779
1821277
1787667
1840365
1823871
1798041
1816402
1801775
1809140
1817543
1800842
1817335
1821692
1828643
1801671
1810904
1809555
1836215
1810178
1823041
1809037
1794825
1825945
1801983
1808933
1829265
1796796
1812045
1811319
1814950
1795032
1813705
1808207
1822522
1836008
1837460
1815883
1786215
1832273
1797937
1812979
1812356
1815468
1811526
1806028
1821174
1822211
1827813
1811838
1813808
1819514
1789742
1792439
1806962
1819410
1832585
1794617
1816402
1825634
1834244
1811319
1818788
1818995
1791609
1791505
1807999
1818165
1836215
1823248
1799908
1811111
1805302
1819825
1814638
1817958
1802813
1813705
1787667
1811111
1817647
1811526
1788705
1799908
1807169
1811319
1830199
1824182
1805510
1816713
1822418
1816817
1813808
1823975
1826672
1811734
1817958
1813497
1810385
1805717
1804057
1815572
1830095
1811215
1822937
1815468
1823871
1809659
1800738
1833933
1801775
1811008
1794514
1815883
1798559
1795551
1809659
1815987
1826049
1816609
1816091
1828954
1802294
1822626
1822937
1816713
1818995
1822418
1835800
1814016
1815779
1827502
1822937
1776256
1819306
1825945
1805613
1815676
1796900
1797211
1815987
1812045
1807584
1784555
1819618
1828228
1824286
1828331
1815676
1845966
1815261
1813601
1807792
1828746
1829472
1794825
1801257
1817335
1815053
1820448
1796381
1789638
1809244
1825219
1820240
1802398
1814742
1801464
1822107
1801049
1834452
1810074
1810281
1798871
1807688
1801464
1786422
1813808
1816194
1811734
1806028
1805198
1806547
1822107
1807688
1826153
1820862
1812771
1824597
1826257
1817024
1801257
1809452
1824701
1809867
1844929
1783103
1817024
1813082
1820551
1796070
1810281
1804369
1836838
1804887
1828539
1834348
1797522
1799389
1824804
1813808
1822833
1798144
1822211
1824078
1824908
1818788
1821796
1837564
1828539
1801360
1789638
1822418
1812460
1800842
1818788
1799286
1809452
1833726
1807377
1799804
1845655
1826775
1832273
1840365
1843892
1821796
1815676
1821692
1833829
1799493
1806028
1793165
1805302
1812045
1792439
1841921
1806547
1808829
1817024
1830614
1820655
1820033
1817024
1808414
1825116
1792335
1798974
1813082
1818684
1807066
1829680
1839120
1807169
1827709
1819825
1832377
1814120
1810178
1829680
1853020
1829161
1826464
1812771
1800323
1829680
1806547
1817128
1839327
1814742
1812356
1799597
1798559
1798352
1825116
1809452
1810696
1816817
1816091
1814638
1818165
1809763
1826983
1803746
1810593
1818684
1812979
1816506
1806547
1818477
1811215
1820966
1834244
1812149
1796485
1821692
1833829
1802916
1830199
1818995
1816713
1824182
1800323
1815572
1824286
1809555
1819306
1818580
1812045
1811941
1803850
1823456
1812460
1832999
1798041
1822107
1810074
1807584
1812356
1822418
1810904
1815987
1822522
1796381
1811008
1838082
1822626
1821070
1820862
1820966
1834244
1814950
1823145
1804576
1821692
1827605
1803850
1796796
1805198
1821174
1816921
1823975
1818788
1818062
1827502
1825634
1815365
1803227
1818373
1828331
1821485
1823871
1828746
1816091
1813394
1796796
1812356
1807896
1800634
1805510
1809348
1830406
1793061
1814223
1798974
1810489
1815365
1848352
1797937
1819929
1817024
1823663
1824182
1802813
1822418
1807481
1820966
1816194
1827190
1781651
1800115
1802605
1826049
1815779
1805925
1822626
1825738
1798041
1832792
1832688
1829369
1826983
1804057
1791817
1807896
1824182
1836526
1815468
1811630
1830095
1821277
1811008
1807896
1829161
1827813
1834867
1821796
1806858
1804784
1788912
1812252
1816298
1832170
1825842
1811423
1813808
1804991
1816506
1801879
1818684
1821381
1802501
1814431
1803642
1826568
1812875
1817958
1811008
1814535
1820240
1810281
1806132
1798559
1824701
1810904
1810489
1823248
1814016
1830095
1814223
1826568
1810593
1795032
1812771
1825012
1822107
1818891
1818995
1830614
1808311
1821900
1824908
1814638
1819514
1801360
1787252
1807896
1816194
1804784
1818891
1840053
1817439
1806340
1798352
1788290
1788497
1783725
1832585
1806651
1819618
1827398
1815261
1803020
1835800
1806132
1825842
1821900
1794825
1818580
1810281
1793061
1787978
1812979
1825738
1803331
1796173
1831755
1830614
1811319
1806340
1810489
1829058
1812875
1816298
1797315
1820966
1828954
1806443
1814327
1801360
1792543
1819721
1808414
1812252
1814742
1820344
1831029
1803850
1808933
1806340
1805198
1817232
1808103
1796277
1827709
1802398
1833933
1840365
1801257
1828331
1798767
1820759
1801464
1815987
1814016
1804472
1824701
1828746
1796692
1820862
1807169
1816609
1829576
1796692
1825323
1812667
1807999
1827916
1797626
1803642
1853954
1842024
1808829
1821381
1804784
1807066
1809452
1825738
1814120
1806962
1809763
1834141
1829576
1806651
1824908
1827709
1817024
1833414
1791920
1794721
1821381
1814223
1823663
1818788
1797211
1815053
1821381
1813082
1803746
1827398
1808311
1832273
1814016
1808414
1806443
1823975
1810385
1821796
1797107
1832585
1812252
1806547
1803746
1824493
1822937
1823975
1812667
1818477
1813082
1818995
1817128
1813601
1825012
1792232
1812979
1806858
1825012
1839327
1816298
1789327
1800323
1817543
1835074
1797107
1811319
1802086
1839742
1795966
1833933
1815779
1816921
1816091
1813601
1822004
1812875
1826153
1830095
1813082
1806340
1828539
1799078
1798248
1811111
1814327
1835282
1800115
1815883
1804472
1833103
1795344
1801879
1795344
1825427
1823145
1806651
1817543
1786007
1800842
1794929
1821174
1819929
1803539
1839431
1795344
1818580
1824389
1814638
1823871
1804784
1834452
1822315
1825634
1828331
1812252
1823248
1798767
1795136
1821174
1810074
1833933
1827087
1805925
1804161
1827087
1819099
1821589
1823975
1777812
1822937
1817647
1827916
1819410
1809659
1807896
1784763
1807066
1810696
1815053
1833829
1808622
1804887
1825427
1808725
1822315
1825116
1794099
1831547
1808933
1826153
1820966
1792750
1833518
1822522
1807688
1797418
1794410
1824182
1828331
1811111
1835800
1794617
1790364
1794617
1812771
1806651
1836423
1809659
1810593
1827398
1790676
1802086
1825531
1827916
1821900
1823975
1803020
1808414
1823767
1823975
1812252
1825219
1817543
1783207
1827502
1825738
1810904
1802294
1829265
1806443
1816402
1797211
1818891
1795551
1827398
1808933
1799804
1827709
1834037
1800738
1801671
1800115
1824804
1812356
1817647
1805821
1812564
1802501
1816609
1787149
1790779
1808622
1810904
1815053
1805717
1796485
1823248
1807896
1803435
1837979
1818788
1817750
1804680
1817232
1803020
1814431
1825116
1824389
1822522
1820033
1831651
1814638
1801983
1812356
1836319
1815779
1794410
1795655
1814535
1845759
1824597
1815987
1804680
1830717
1816921
1808103
1799286
1831340
1819721
1828746
1800323
1805821
1820966
1814223
1810904
1836215
1821277
1817854
1811319
1817750
1818995
1833103
1808414
1817024
1819099
1799286
1819099
1790261
1805613
1817750
1794825
1823975
1829265
1829991
1823145
1811008
1826464
1824701
1822107
1826464
1814327
1808622
1810489
1820759
1806443
1821485
1814431
1810593
1811734
1789431
1813705
1838705
1808207
1819721
1817543
1813082
1808829
1799078
1817335
1786837
1822730
1807377
1812771
1839327
1819306
1832688
1827709
1821589
1829369
1834556
1820033
1827709
1820136
1807066
1829784
1821485
1808829
1788705
1805510
1823663
1807792
1818995
1822107
1837356
1805095
1819514
1799286
1811423
1809555
1816506
1802501
1823145
1813912
1799700
1822626
1808518
1814431
1822315
1802398
1796900
1809037
1808103
1825012
1818477
1809140
1816402
1813601
1799286
1804784
1804784
1805821
1811111
1817543
1818062
1807481
1815572
1798456
1811215
1818580
1810281
1813186
1812356
1824286
1820448
1802294
1817750
1814535
1804991
1819099
1821381
1825842
1804369
1811111
1802916
1801360
1829058
1831340
1802813
1828954
1829887
1827398
1817335
1820240
1812979
1815261
1817543
1815987
1814327
1814120
1813394
1817128
1838809
1817854
1816506
1807169
1814120
1797211
1838601
1835385
1809037
1808103
1812979
1829369
1805613
1831029
1820344
1810696
1839327
1831443
1813912
1809348
1793373
1824804
1806754
1833933
1800219
1817854
1802398
1812979
1829576
1809970
1834141
1823352
1828954
1815261
1816817
1821381
1819721
1821796
1815572
1807377
1804576
1786526
1832170
1802605
1804161
1821900
1820136
1821070
1812252
1824597
1823352
1806443
1830406
1820448
1807169
1795862
1797626
1808829
1804057
1817854
1825427
1806651
1797833
1815883
1818580
1829369
1805095
1816506
1808725
1835904
1810074
1810696
1823352
1824493
1845448
1794410
1839950
1819825
1819721
1813082
1795136
1811319
1821277
1813497
1813394
1820759
1813912
1828954
1814950
1791090
1843580
1824182
1822107
1806858
1812875
1828331
1814846
1801879
1823663
1806443
1821381
1826153
1829887
1824597
1813601
1814431
1810074
1811630
1830614
1799700
1822004
1817232
1812460
1811319
1822211
1815883
1821589
1817958
1826775
1821900
1837460
1813705
1809555
1808725
1828643
1816817
1811941
1803850
1804161
1809452
1822315
1805406
1814535
1816402
1833414
1825219
1807688
1834970
1820966
1828850
1811423
1827502
1813497
1821277
1806754
1805302
1816817
1806443
1832999
1833518
1807999
1827813
1843684
1819099
1838809
1795447
1815053
1837460
1798352
1823767
1813394
1803539
1809348
1812564
1821485
1808414
1837875
1812875
1822211
1815365
1815676
1808622
1820655
1817543
1828228
1828746
1817128
1834763
1802190
1802190
1805095
1831858
1812252
1827813
1803227
1810178
1803435
1807896
1827502
1820862
1808829
1817128
1807377
1793684
1792543
1811319
1835385
1805302
1810800
1791713
1819618
1815779
1814431
1842543
1804057
1794514
1794099
1805821
1788082
1823975
1802709
1838809
1812667
1806132
1816921
1800634
1795136
1833829
1811526
1803539
1799908
1825531
1843892
1823663
1816402
1810385
1803539
1822730
1826360
1810489
1832377
1798041
1810281
1813394
1806858
1792439
1821485
1794514
1794203
1820136
1794410
1836838
1812252
1830406
1817543
1793061
1812045
1823248
1823248
1808311
1799908
1817854
1817128
1796796
1785074
1829058
1801775
1811215
1806132
1809348
1819514
1810178
1824182
1822418
1807688
1813394
1802086
1821070
1818580
1810385
1844618
1844929
1827294
1807273
1824493
1792024
1825945
1820655
1815779
1801049
1802709
1807584
1829991
1814742
1830199
1818477
1808933
1827813
1813808
1838601
1800427
1804057
1827605
1811630
1825219
1804887
1822107
1797315
1815572
1806340
1813394
1818269
1832066
1829265
1818477
1798974
1819306
1798559
1820551
1812460
1803020
1807481
1802294
1817128
1811838
1781754
1817543
1816091
1823663
1806236
1827087
1816609
1800323
1809867
1806340
1812979
1830406
1792854
1821796
1809452
1825219
1821589
1813808
1825531
1814638
1815883
1806962
1810385
1810178
1811008
1833311
1811111
1809244
1830406
1807896
1845033
1800945
1822315
1816298
1809555
1805302
1829265
1832688
1804057
1814223
1786422
1836112
1802605
1819099
1791817
1825116
1830199
1820862
1811630
1839846
1798248
1808103
1825738
1819410
1825219
1815365
1837771
1813808
1794203
1810074
1808414
1827709
1815468
1823975
1826983
1824908
1801568
1828643
1805302
1817439
1807377
1824804
1823663
1819306
1808207
1815261
1788082
1807688
1810593
1797003
1803539
1832066
1801360
1797418
1803954
1831547
1832688
1801983
1834141
1845344
1811630
1817750
1810800
1820448
1821900
1818269
1788705
1808103
1821277
1815157
1830095
1812771
1805095
1827813
1823145
1811941
1803020
1812979
1801671
1822004
1804369
1812045
1784555
1812149
1804576
1807896
1817543
1843684
1819203
1821381
1815779
1805613
1812667
1813705
1813912
1799389
1803331
1829161
1812979
1815883
1820136
1804991
1806028
1824286
1819099
1841195
1817543
1810074
1831132
1825116
1802086
1834867
1838290
1839120
1836734
1826879
1808933
1826464
1808829
1797107
1830406
1783829
1814535
1825842
1809763
1806132
1814742
1791817
1814223
1807066
1829161
1809140
1819825
1808103
1793373
1826672
1806651
1820862
1824804
1832792
1804161
1827605
1831858
1826049
1829265
1814950
1821277
1814950
1814535
1799286
1820966
1815883
1798974
1837979
1811423
1811630
1834763
1812460
1811941
1822418
1819306
1816091
1801983
1817128
1800530
1798248
1827190
1821589
1798663
1813808
1827709
1803954
1796900
1824286
1812045
1811630
1812045
1807481
1821589
1814846
1808518
1807169
1811734
1819514
1817335
1816921
1805821
1833829
1805925
1809244
1805095
1823145
1811734
1823456
1815053
1812771
1809140
1796381
1822107
1835904
1806754
1830614
1826672
1840780
1804887
1808725
1796796
1803539
1804680
1826464
1811941
1818477
1824286
1813808
1822418
1808207
1825012
1806340
1848871
1816091
1808311
1808829
1829058
1804369
1794617
1807169
1815365
1827294
1820655
1816817
1805302
1805925
1813808
1818269
1813186
1813186
1809659
1817854
1825116
1826153
1825219
1818165
1803124
1824493
1809037
1793684
1800115
1815572
1812460
1823663
1823145
1815572
1802398
1836734
1809867
1832273
1821589
1803954
1819410
1812149
1806962
1817024
1802605
1824701
1831962
1816817
1814327
1822107
1827190
1790364
1825116
1819618
1815261
1816921
1818373
1828539
1799286
1812045
1839120
1850220
1809037
