1813912
1795032
1814638
1820966
1818788
1821692
1822730
1840157
1817232
1829680
1825531
1841091
1812252
1814950
1810593
1813290
1800530
1829369
1832273
1809140
1798456
1801464
1826672
1820344
1826672
1819721
1810800
1797522
1800738
1823871
1817439
1822211
1843373
1829576
1836319
1822937
1797626
1800738
1802294
1816609
1817232
1837045
1826775
1831132
1831029
1800323
1797211
1811215
1810489
1816506
1805717
1807066
1791194
1826153
1805198
1811526
1805613
1819099
1830510
1807896
1796173
1837668
1821485
1830717
1831236
1818062
1808414
1821796
1808311
1828331
1845863
1819203
1815883
1810593
1829369
1820344
1815779
1808622
1828228
1808518
1818165
1819203
1810074
1792543
1801153
1810593
1810489
1828643
1820344
1803746
1824597
1839224
1825323
1812875
1805198
1805613
1808933
1820033
1833726
1805717
1814223
1814327
1791090
1813394
1804680
1803435
1820759
1829161
1814846
1838186
1804576
1809763
1797937
1816506
1813290
1830614
1819099
1816298
1811423
1831651
1817128
1789742
1826257
1827294
1809140
1808933
1831443
1811630
1808518
1816817
1823663
1839224
1809763
1822626
1829161
1821900
1823145
1835697
1826257
1824908
1818580
1829887
1808103
1799493
1804057
1829576
1802294
1811941
1834244
1806962
1826049
1813497
1802190
1799493
1820344
1819203
1809140
1832066
1821485
1812149
1816713
1803435
1808622
1795240
1829161
1800530
1780302
1807169
1809140
1801983
1804680
1815365
1825323
1838186
1836112
1792335
1836734
1811526
1812771
1789223
1834763
1821692
1827709
1826983
1814846
1810696
1830302
1815572
1835800
1806132
1813186
1791920
1813912
1815157
1788808
1834244
1815572
1809970
1817958
1810074
1814638
1814223
1820344
1812564
1825842
1803954
1823975
1815468
1843269
1804991
1814950
1799804
1827605
1819721
1804576
1820655
1813601
1830406
1815468
1826049
1825531
1813601
1815365
1784866
1846381
1839327
1806858
1825738
1840780
1809037
1813912
1822107
1817750
1799182
1826257
1802605
1801983
1837875
1803539
1791194
1804784
1805717
1834141
1820551
1843373
1809763
1805613
1825738
1829058
1825842
1811526
1801671
1828020
1819306
1800012
1830510
1812979
1809140
1814120
1811008
1774182
1797522
1822107
1807999
1802709
1797003
1820759
1836941
1815676
1817335
1832585
1826879
1808518
1806754
1818062
1809555
1829887
1799597
1821692
1801153
1815468
1818165
1821070
1810904
1813808
1835697
1822626
1806962
1816609
1811734
1792854
1800427
1818477
1800219
1817958
1809555
1806962
1830925
1804057
1812667
1806340
1803954
1804784
1820136
1812252
1801568
1824078
1815053
1822522
1797730
1831547
1814846
1814742
1818891
1828124
1790157
1829576
1798041
1817128
1818165
1831029
1804680
1827709
1809555
1808518
1804369
1801671
1828331
1803124
1819306
1804265
1833414
1818165
1821692
1821692
1820862
1811941
1802916
1818788
1818165
1843477
1813808
1824182
1813912
1815468
1814223
1805406
1807481
1815261
1800219
1806754
1834867
1816921
1814950
1812045
1818062
1810385
1814431
1812149
1822730
1803227
1826568
1813186
1809348
1821277
1822937
1806858
1837356
1814950
1824597
1809763
1792854
1849701
1819825
1838497
1818788
1804576
1803954
1804161
1817750
1831029
1807169
1807896
1832585
1819618
1809763
1815468
1804161
1819514
1793995
1811319
1815261
1822730
1811526
1786526
1813186
1825634
1822004
1809348
1823145
1834867
1803124
1790053
1794617
1811941
1842232
1816921
1820448
1834348
1800219
1827294
1827398
1838290
1818165
1806340
1827398
1807999
1817232
1833933
1818788
1803850
1807999
1836008
1796900
1828124
1810281
1818788
1839431
1813601
1822937
1819203
1805613
1843580
1822730
1822107
1813912
1801983
1795447
1830925
1816402
1831236
1809452
1805821
1825012
1833829
1837668
1822626
1834867
1823352
1847419
1824078
1809970
1805095
1834763
1816194
1811423
1803954
1819825
1826983
1811423
1823041
1808622
1799182
1820966
1820966
1802190
1839431
1830406
1844410
1819410
1805510
1837979
1819618
1822211
1800634
1815676
1800323
1820448
1828643
1798767
1793165
1827087
1800427
1814120
1820759
1828954
1806340
1832273
1804784
1822522
1844203
1826879
1819721
1812252
1819410
1812149
1815676
1814950
1815468
1809970
1796070
1813912
1792543
1806132
1812979
1812771
1857481
1837771
1815883
1811838
1805925
1824286
1826049
1824701
1783414
1831547
1815157
1817958
1806443
1817439
1821692
1827605
1807481
1802501
1805302
1803850
1820551
1822522
1809037
1819306
1793891
1832481
1806858
1821381
1830821
1812667
1820240
1820862
1823663
1828954
1840987
1817854
1832585
1805925
1799597
1801049
1804680
1813912
1805821
1806754
1828746
1801153
1808518
1816506
1808725
1811319
1803020
1781236
1817854
1822004
1834867
1814016
1828331
1826983
1802398
1836838
1824286
1859659
1801775
1814431
1795551
1805821
1813808
1825219
1819825
1813082
1826257
1817854
1818165
1828331
1796381
1825842
1806651
1804265
1811008
1866298
1822418
1825531
1833518
1802190
1822107
1807377
1831651
1817958
1810800
1819618
1802709
1806754
1828954
1832688
1838809
1805406
1833414
1792647
1819410
1784348
1824389
1824701
1802813
1803435
1829991
1819825
1804576
1808103
1820240
1840676
1795759
1813808
1787045
1790987
1837149
1807377
1825323
1807584
1793165
1827294
1819618
1817335
1831236
1833207
1815883
1784866
1853435
1815053
1800219
1807999
1827087
1817024
1815468
1813912
1820862
1798041
1807896
1814638
1817232
1797522
1805095
1817024
1813705
1801464
1806443
1818373
1828643
1827502
1815157
1824804
1823041
1803539
1839224
1822937
1833933
1793476
1783622
1831651
1823560
1826360
1837564
1790053
1820240
1807273
1831858
1782792
1838186
1813497
1803124
1829369
1802190
1823456
1829991
1826672
1825323
1797626
1809555
1820033
1827813
1799182
1824389
1791090
1820655
1804680
1805095
1814742
1814016
1820966
1802605
1817128
1820448
1796796
1819306
1810593
1812667
1794203
1799908
1826672
1800219
1822315
1807377
1798871
1823352
1797833
1803124
1822211
1815676
1838497
1802501
1805717
1813705
1793580
1827813
1832066
1827087
1830302
1836526
1811319
1829161
1837771
1830199
1814846
1797107
1814223
1808725
1809140
1810800
1806651
1822730
1829680
1832377
1809140
1824286
1820136
1832896
1834556
1829887
1824597
1799493
1821174
1813601
1800219
1835282
1809348
1830095
1800634
1823975
1834141
1799182
1810800
1817647
1836112
1810281
1800634
1807896
1818373
1811941
1809452
1830614
1790572
1822315
1831755
1796277
1807066
1812771
1810074
1792024
1827294
1819410
1829369
1822107
1819306
1837460
1811423
1828020
1795551
1824701
1811526
1821796
1825219
1797003
1812875
1840053
1808207
1837253
1830095
1819203
1835385
1805198
1806028
1816194
1837149
1807481
1817750
1821589
1780924
1830199
1800738
1807273
1820344
1811319
1807688
1808725
1806858
1825634
1830406
1793684
1827916
1801568
1832999
1811319
1800219
1833726
1818891
1801464
1797833
1812979
1805095
1845966
1829784
1840987
1813186
1809244
1822937
1818995
1797003
1819929
1819929
1808518
1818477
1820759
1786319
1807896
1812356
1822211
1815779
1836112
1827190
1812667
1818062
1843062
1821900
1815883
1803539
1825738
1821692
1826879
1829784
1820136
1790779
1807999
1793061
1820448
1831962
1840053
1845551
1811215
1831858
1813497
1799804
1806443
1828539
1800012
1827294
1811734
1805510
1835800
1823871
1797211
1845966
1816817
1799597
1790572
1820966
1836112
1820344
1823767
1808103
1808622
1794099
1817543
1805095
1810178
1839431
1816298
1798352
1789846
1808103
1806340
1809659
1812149
1803642
1859141
1822315
1808311
1822107
1815468
1824389
1805821
1813082
1801153
1810696
1777709
1806236
1803124
1823248
1811526
1830821
1826464
1791609
1813601
1805302
1794721
1805821
1822626
1815572
1811941
1813497
1813290
1796796
1821381
1805406
1804576
1805925
1829369
1826049
1828954
1773559
1791817
1818580
1812149
1824389
1809452
1808103
1822626
1825738
1828954
1805821
1802086
1809867
1828643
1855303
1819929
1811319
1810281
1792024
1836112
1792335
1811526
1834867
1820966
1800842
1821381
1788290
1831547
1837045
1804680
1816506
1817439
1827190
1807896
1807896
1822626
1798352
1836941
1809763
1806547
1804472
1816921
1792439
1812149
1809140
1833207
1801983
1821796
1812564
1819410
1833207
1824078
1798663
1816609
1792854
1815468
1812564
1824389
1814327
1803331
1815987
1818891
1809763
1818477
1843788
1811215
1833414
1808518
1800945
1797937
1815053
1800738
1793373
1803227
1821589
1803124
1844722
1805821
1817750
1796485
1786007
1802709
1798767
1828020
1827294
1832896
1800842
1792750
1825323
1831340
1813808
1819203
1819514
1792335
1826049
1782273
1777709
1822626
1812149
1833414
1826049
1822211
1816713
1822937
1838082
1838705
1835800
1818684
1807584
1798663
1793476
1828643
1809867
1823975
1814431
1829161
1816402
1813912
1800634
1820759
1828850
1825945
1823767
1815053
1828746
1809659
1823145
1829784
1798974
1818477
1813290
1836941
1802294
1804991
1835178
1829265
1826257
1810489
1815676
1836526
1828539
1797937
1809348
1804369
1817024
1824597
1808829
1799286
1806651
1802190
1811111
1812460
1836215
1798974
1807169
1809244
1820759
1841195
1820033
1812045
1825427
1802398
1812564
1823456
1799078
1836630
1821485
1823248
1802086
1791609
1817543
1812045
1818269
1830717
1815987
1826879
1801464
1797003
1819825
1815157
1849493
1806651
1826257
1837149
1815365
1809140
1833414
1814535
1817128
1831340
1811838
1811111
1799286
1825531
1847626
1813186
1841921
1820448
1799389
1799286
1799286
1813394
1833207
1832170
1787563
1813497
1796796
1814535
1804161
1816506
1818269
1799908
1824493
1801360
1826153
1804472
1845655
1808518
1815157
1824389
1793373
1810385
1806340
1812356
1797833
1839742
1809140
1794825
1820966
1814742
1818165
1828746
1824078
1811941
1846485
1823352
1809867
1804472
1816609
1831236
1806754
1829058
1831651
1821796
1804680
1795240
1824182
1799493
1811941
1809763
1809348
1804369
1820862
1802398
1805095
1827709
1799493
1847522
1809867
1802501
1842336
1813394
1834452
1802916
1805406
1791609
1809763
1807377
1837460
1816091
1810800
1796900
1787667
1809452
1800738
1791090
1822315
1821277
1822626
1809555
1798559
1828124
1836008
1826049
1803954
1804472
1809763
1798559
1821692
1822522
1789638
1819099
1836112
1832792
1826049
1812667
1798352
1796070
1814950
1821900
1813912
1828954
1811941
1809763
1800842
1793788
1810281
1807377
1801153
1815261
1818788
1814638
1808518
1805717
1806028
1814638
1802605
1814638
1818995
1799286
1803746
1801983
1808622
1818788
1837045
1845551
1813497
1808311
1823248
1821485
1831236
1782792
1819306
1812667
1806340
1815987
1834037
1803642
1809348
1826568
1815676
1817647
1815779
1796692
1806858
1839224
1837979
1819721
1814120
1817543
1817024
1825323
1819721
1840780
1819929
1819825
1813497
1803539
1818788
1816194
1807169
1787356
1838290
1805925
1823975
1806858
1808518
1814223
1819099
1810281
1802294
1820966
1846485
1832896
1809140
1822730
1811941
1782895
1821485
1813290
1814638
1818580
1822730
1799286
1808518
1780406
1824389
1808207
1821796
1820759
1818373
1823145
1829472
1792232
1838186
1822211
1827294
1792958
1837356
1788601
1809037
1811630
1827294
1807481
1803124
1800115
1786422
1820862
1821070
1842647
1815365
1821174
1823871
1788808
1817439
1819410
1817854
1841713
1806858
1811941
1809659
1789431
1804784
1831132
1790987
1807169
1822107
1828331
1797211
1795551
1801049
1805406
1821589
1819410
1824597
1810281
1813601
1797315
1812979
1823145
1804161
1804472
1846796
1830406
1825945
1837564
1822833
1812564
1798663
1821796
1804887
1812252
1805510
1819825
1801568
1815987
1808725
1813601
1827605
1829680
1821796
1832273
1802813
1841195
1805095
1829576
1814638
1822315
1828539
1801464
1803642
1821485
1811215
1820655
1817750
1806340
1839742
1825842
1832481
1800842
1814638
1807066
1823975
1810593
1819929
1827709
1796173
1812356
1815676
1792750
1804991
1831962
1822211
1820862
1820033
1804887
1814846
1800842
1817958
1837045
1836008
1821485
1818269
1822522
1838082
1813808
1805510
1803746
1848663
1835074
1835489
1813601
1812979
1804057
1810281
1840780
1817958
1798041
1800738
1794929
1808622
1797937
1819618
1807896
1817128
1817958
1806547
1819929
1820448
1810696
1822004
1828435
1808933
1819514
1822937
1790676
1817335
1805406
1822315
1828746
1806754
1815676
1807688
1831236
1820759
1809970
1827087
1812460
1811941
1817647
1823145
1801879
1809244
1830821
1814223
1814846
1827709
1818062
1801360
1832481
1798456
1813290
1814120
1817854
1817958
1798974
1807066
1811838
1822315
1825012
1825219
1809555
1823248
1807169
1802294
1803539
1843269
1825531
1820759
1813912
1826879
1804057
1816298
1815053
1814950
1831651
1819099
1818269
1821485
1816506
1829576
1800219
1805095
1823248
1804161
1809555
1810281
1805925
1846589
1822937
1811319
1817024
1817128
1804991
1797315
1817128
1801671
1826672
1821900
1792750
1814638
1780095
1815468
1842128
1794099
1830821
1780717
1801983
1796485
1816402
1812979
1793891
1827916
1828228
1810696
1791609
1812356
1798559
1791817
1804991
1812875
1812979
1797833
1817854
1803954
1812564
1816194
1835074
1808103
1799286
1817439
1834556
1795655
1797107
1804472
1807377
1830717
1817958
1785593
1806651
1815572
1837149
1809659
1814742
1812564
1804991
1817854
1811630
1807896
1822522
1811734
1828850
1806754
1813601
1803020
1796485
1794203
1794617
1838912
1813601
1822937
1815053
1827709
1806443
1804472
1818373
1825012
1807792
1817543
1825116
1806754
1848560
1820862
1808414
1799182
1826257
1813601
1821900
1815468
1828435
1809348
1817750
1840676
1841817
1814638
1809140
1812356
1836526
1822107
1820344
1827605
1830510
1813601
1812356
1815053
1805198
1785385
1837356
1790572
1815365
1833518
1845033
1808933
1789949
1807896
1802086
1799493
1822004
1812460
1818062
1804161
1822315
1788808
1820136
1796588
1812564
1798767
1814638
1805406
1818891
1819203
1828124
1817543
1830614
1810385
1824493
1795447
1802294
1829576
1843269
1800842
1807066
1807584
1827087
1826464
1816091
1790987
1815157
1817232
1795759
1829576
1811630
1823248
1806547
1820136
1803746
1827605
1797003
1806236
1796277
1830095
1821381
1796692
1826879
1805406
1816194
1823871
1815883
1804784
1796381
1833207
1811838
1801775
1809452
1806236
1839846
1828435
1819514
1810178
1834763
1795966
1802709
1815883
1812460
1829472
1810178
1819825
1841817
1839016
1802294
1827190
1828850
1798663
1821692
1774389
1805406
1804784
1807066
1824493
1810281
1796070
1837564
1820759
1833311
1804991
1836838
1801257
1821900
1799804
1800842
1827502
1797003
1785281
1815883
1821796
1792854
1804161
1778953
1815572
1811423
1799908
1802190
1825116
1817958
1803746
1819825
1806340
1800115
1828228
1822626
1804576
1818788
1818269
1808622
1815365
1800323
1834452
1796070
1795344
1822315
1811838
1839950
1828435
1815053
1824701
1823560
1823145
1817232
1827605
1804576
1820344
1799700
1807999
1835385
1837875
1818477
1813912
1801775
1804887
1804057
1815261
1822107
1825427
1836630
1820551
1830095
1852294
1822937
1840157
1811008
1832688
1807273
1808311
1831340
1812979
1823871
1816298
1816298
1801257
1810800
1831132
1819618
1843477
1813290
1807896
1827709
1833207
1812252
1815883
1813394
1838705
1817647
1829369
1829784
1841713
1818165
1820240
1813082
1807066
1808622
1789120
1812875
1812771
1821174
1819514
1823975
1802709
1836734
1795551
1822626
1805095
1825219
1811734
1809555
1831755
1820136
1815468
1816713
1849493
1826775
1825842
1829680
1829887
1817232
1817543
1791920
1826360
1797211
1809659
1802294
1796900
1846381
1820966
1825219
1824908
1831651
1820344
1815053
1808829
1820759
1831858
1803124
1834348
1831962
1825116
1804057
1836215
1823767
1835697
1791609
1840883
1827294
1818062
1821277
1818891
1850531
1831340
1808103
1816298
1812564
1801464
1809452
1818373
1807481
1810385
1805198
1820759
1817543
1821589
1823767
1825116
1809970
1820862
1808518
1837875
1837979
1812979
1821381
1818373
1800427
1826775
1827709
1823560
1795136
1811838
1815676
1790987
1847937
1803954
1809555
1823041
1818891
1810696
1795240
1807481
1804576
1808207
1824286
1798456
1827813
1803746
1827709
1793165
1819203
1818165
1803954
1797522
1811734
1814535
1778850
1806443
1804887
1825738
1812667
1823352
1800427
1810696
1835178
1818165
1821381
1841921
1826153
1797211
1800738
1822522
1803954
1834141
1814846
1803227
1845448
1824182
1808518
1805510
1818165
1831132
1817958
1810696
1795344
1835904
1826153
1818580
1818788
1819618
1815883
1809555
1824182
1826775
1819410
1827605
1790572
1825842
1812460
1838186
1818269
1801257
1813290
1810593
1839431
1817439
1813808
1815053
1802916
1820759
1816817
1824493
1824182
1785800
1826672
1829991
1797211
1797003
1798767
1837253
1814016
1812875
1797833
1832999
1820551
1814742
1796485
1802813
1796588
1822833
1837149
1817854
1831962
1787252
1807688
1814846
1817750
1833103
1819825
1796277
1789223
1806340
1848871
1817232
1817024
1840157
1790572
1813808
1821070
1820862
1825738
1792543
1768580
1825012
1825634
1806236
1775841
1808829
1828435
1850012
1811319
1839846
1803020
1822315
1807169
1783518
1802709
1816921
1834556
1802294
1792024
1799286
1836838
1822730
1787875
1806962
1804576
1803020
1817750
1811423
1836941
1810904
1813497
1839431
1819929
1841402
1839639
1805613
1832999
1810281
1832688
1806236
1837149
1812771
1816921
1803850
1833414
1793995
1807481
1837253
1819514
1820136
1826568
1823145
1821381
1830406
1794721
1797211
1786111
1806340
1790468
1805510
1803124
1819203
1806028
1816194
1808933
1828020
1847004
1805821
1814016
1809867
1819721
1815572
1812771
1819721
1781547
1819929
1809244
1809037
1827398
1813082
1823248
1821900
1816194
1802605
1797833
1821692
1810178
1801983
1817647
1820240
1822730
1800012
1829058
1809348
1797730
1809867
1798974
1822937
1824286
1822211
1804576
1824908
1810281
1812045
1794099
1823560
1788186
1802709
1800323
1832792
1806547
1806651
1814431
1807273
1803850
1836319
1805095
1814742
1817128
1820033
1801775
1832377
1811838
1809763
1831962
1818788
1835593
1805198
1803124
1825531
1815987
1813912
1801153
1806754
1827087
1806236
1819929
1824078
1813912
1828954
1812564
1834556
1801671
1808414
1815365
1839639
1827190
1836112
1827294
1811111
1823248
1827916
1806028
1815261
1804472
1814638
1803954
1838912
1827605
1801049
1817647
1841298
1848145
1818062
1798352
1817854
1798144
1809763
1844099
1800115
1815365
1819099
1798559
1807896
1802190
1837460
1847211
1827087
1809555
1808933
1825427
1852605
1799908
1839120
1823041
1812356
1815779
1820136
1801775
1819618
1824389
1802605
1800634
1826049
1802190
1791609
1803539
1816091
1822418
1787045
1827709
1817232
1812356
1779783
1834763
1807688
1813808
1803124
1811008
1793995
1812564
1847730
1813394
1775323
1827605
1797003
1808829
1830510
1797418
1826464
1813186
1809555
1780095
1816091
1834763
1820448
1797833
1812667
1810593
1818995
1830821
1830510
1815779
1798352
1798352
1820655
1829369
1820966
1807584
1825427
1808725
1829887
1813394
1837045
1858103
1832170
1813705
1812771
1832481
1822107
1816298
1820344
1802086
1813082
1820136
1811734
1791194
1801671
1806651
1815365
1841195
1846485
1822004
1812356
1814742
1822626
1839846
1820344
1813082
1834037
1807377
1819410
1817232
1820448
1829472
1817335
1814120
1810385
1800427
1812771
1819825
1820448
1814327
1807169
1802398
1820136
1801049
1803227
1800842
1827294
1823248
1793061
1789638
1820033
1831858
1824597
1821485
1813497
1832896
1794825
1790157
1828228
1832377
1815987
1810696
1804991
1807584
1841921
1814638
1806754
1795240
1825738
1796588
1813601
1831755
1820966
1818995
1834037
1801360
1838394
1809037
1792854
1821796
1800323
1833518
1833414
1813601
1824701
1806962
1809970
1814846
1820448
1807999
1803227
1804472
1829991
1804991
1817128
1799078
1802501
1817128
1829680
1820344
1817024
1830406
1834244
1826983
1802190
1790987
1800012
1820966
1815261
1812149
1801568
1822626
1816091
1807999
1816298
1817854
1805717
1833207
1806340
1818373
1814846
1840157
1829784
1833103
1827398
1813290
1813186
1826879
1825116
1823456
1796588
1806754
1814535
1836112
1807688
1810281
1816609
1824804
1815261
1830717
1819306
1843788
1843062
1839016
1820344
1808725
1815676
1804161
1816609
1819618
1823248
1815987
1817335
1807584
1811423
1799493
1813082
1802709
1833414
1795136
1826568
1831443
1829161
1804887
1823352
1815157
1799286
1815676
1810385
1815157
1832688
1850842
1845448
1797833
1811008
1818477
1801049
1817750
1831755
1809452
1819306
1810385
1812564
1826775
1810489
1807584
1807481
1838186
1816713
1815883
1801879
1783725
1822315
1818062
1820448
1818891
1826672
1817439
1793165
1810904
1820655
1823456
1808933
1808414
1816194
1816609
1816506
1814950
1834763
1809970
1804784
1811526
1796485
1789120
1789223
1806236
1822004
1802709
1793891
1837875
1813394
1810385
1810593
1808622
1811838
1811838
1809867
1824286
1805925
1814742
1815053
1805925
1803954
1816817
1785800
1793373
1824597
1827502
1809037
1792647
1824493
1785178
1779161
1795759
1822522
1806754
1800427
1818995
1813290
1823248
1799908
1809348
1809140
1835489
1800219
1814223
1814223
1817439
1813497
1820655
1801049
1802294
1808207
1828435
1834867
1797315
1799078
1787771
1825116
1802294
1819825
1817335
1824908
1815053
1791402
1843580
1842958
1814846
1827916
1808933
1812564
1824286
1837771
1814846
1832377
1806651
1798248
1818684
1808933
1816609
1797522
1812564
1825323
1795344
1819721
1800634
1820240
1837253
1825012
1814431
1818269
1837356
1818891
1808311
1830302
1805510
1809452
1803539
1808207
1824286
1797211
1833933
1802916
1831651
1814120
1808829
1821485
1818062
1847107
1827502
1805925
1796070
1811941
1828643
1833311
1818062
1812045
1812460
1803020
1823663
1794929
1837668
1831755
1825219
1812356
1801879
1814327
1819618
1809037
1823663
1820655
1820551
1846693
1825531
1807896
1830302
1802294
1819618
1817958
1838082
1811111
1816402
1790261
1786215
1815779
1795966
1821589
1801983
1831132
1830199
1840261
1833933
1810904
1817024
1817854
1825842
1808311
1815883
1808311
1819929
1816091
1797107
1808829
1827709
1814950
1816091
1800945
1818062
1794306
1818373
1818995
1822315
1830095
1825427
1814223
1815572
1809140
1825219
1804576
1796277
1817024
1815053
1806028
1808207
1832481
1827398
1821174
1815676
1807792
1810904
1806236
1805613
1813705
1801049
1808725
1822522
1814431
1814120
1814223
1803435
1795240
1818995
1812667
1812356
1823248
1806028
1831962
1813912
1815572
1831236
1811319
1798871
1825945
1809970
1825531
1817647
1809555
1833207
1849493
1813601
1822522
1803850
1819721
1807066
1805510
1801153
1832999
1826464
1822107
1794825
1832585
1834970
1839431
1826257
1813601
1809140
1823456
1814950
1818373
1793061
1819721
1797107
1811941
1823663
1830095
1799389
1812979
1805613
1794825
1808829
1839016
1801360
1830925
1801568
1809970
1809037
1794721
1807169
1823560
1814016
1811215
1801360
1817958
1812979
1817854
1814120
1787667
1813705
1823248
1801153
1804784
1813186
1818788
1773144
1828228
1804991
1807896
1815883
1808725
1798663
1818165
1815779
1829369
1826153
1800012
1830302
1798352
1796692
1821692
1809867
1822730
1825323
1824286
1826464
1813082
1822211
1813394
1817439
1809555
1811734
1823352
1793373
1788601
1811111
1821692
1843684
1795862
1797937
1824597
1806443
1818477
1802605
1836423
1821174
1808311
1810489
1831443
1827087
1821277
1821900
1805925
1826879
1817854
1798144
1832792
1812564
1812875
1804472
1796692
1827813
1822522
1824078
1814535
1824493
1827605
1797522
1820448
1802190
1849182
1828539
1819721
1800738
1821692
1835385
1828435
1822833
1823560
1814431
1787667
1845966
1829887
1834970
1821381
1813082
1818580
1811215
1799493
1802501
1830925
1839535
1828850
1814535
1830717
1818580
1799286
1828124
1818788
1815261
1812875
1838705
1836630
1817024
1802501
1819929
1830925
1824389
1821277
1801879
1810800
1829680
1836838
1831755
1819721
1804576
1804369
1825531
1824493
1840157
1833311
1797626
1844618
1812667
1834867
1824597
1837771
1810074
1825945
1820759
1811008
1827916
1821692
1820344
1820655
1808207
1793269
1822833
1812564
1825323
1811423
1813497
1811941
1815157
1812667
1807896
1821277
1816609
1800945
1817958
1799700
1821277
1820862
1811941
1795551
1807999
1820033
1812771
1814223
1804680
1807169
1805510
1811319
1803435
1812045
1811008
1814120
1793061
1806962
1806858
1815365
1833414
1832585
1827709
1820344
1822107
1833103
1819203
1814846
1816817
1793995
1808622
1801049
1803020
1812356
1788290
1818477
1803435
1820862
1824493
1825738
1805925
1806340
1799182
1816921
1822315
1824182
1804161
1797522
1814223
1809244
1829991
1791194
1818684
1793580
1801360
1828850
1813601
1816194
1828746
1829680
1814327
1810178
1799908
1808518
1824804
1805302
1806132
1796381
1815365
1819410
1802398
1822937
1823456
1799182
1828643
1819618
1814638
1840053
1812356
1823871
1804265
1798144
1798248
1819618
1824804
1797730
1813705
1797315
1814120
1809970
1807688
1823975
1830199
1833933
1809970
1820136
1794099
1813705
1812045
1817958
1791298
1791920
1844203
1824701
1802294
1793269
1819721
1796277
1787252
1826464
1818580
1805821
1792647
1817543
1831547
1803746
1800945
1831962
1825634
1810178
1809348
1814846
1792439
1819721
1839120
1797833
1841921
1795759
1811215
1822522
1795966
1810074
1836941
1815053
1817128
1844203
1813290
1809452
1841921
1850220
1794410
1819410
1809555
1797522
1822315
1798871
1798559
1838186
1818165
1793165
1806028
1786007
1804265
1823560
1819099
1828331
1795862
1832377
1809348
1810800
1823456
1811423
1834763
1830510
1773144
1834244
1854991
1817024
1810178
1819929
1800012
1822937
1813497
1815053
1823456
1800738
1812045
1843373
1822522
1805717
1791505
1817854
1823145
1787149
1819410
1806962
1842232
1812875
1800115
1819514
1827398
1817232
1805510
1798663
1818477
1794203
1815468
1831132
1798767
1833103
1821900
1837045
1831962
1811630
1815468
1805510
1843580
1796381
1817958
1854784
1802916
1811111
1800219
1801879
1791194
1810281
1832481
1847419
1824078
1817647
1824182
1814327
1816609
1799182
1809970
1814431
1847730
1812875
1805510
1817543
1820655
1809452
1804680
1803020
1815468
1823456
1798144
1831443
1797937
1811526
1788601
1815572
1810696
1816921
1807066
1806443
1812667
1805406
1832688
1784763
1802294
1823767
1854888
1819306
1817128
1821174
1790883
1802294
1829472
1813497
1830614
1852813
1816713
1792335
1797730
1814846
1795655
1829991
1813808
1806651
1803539
1826879
1828539
1817854
1779472
1833414
1821174
1811008
1837253
1802916
1823767
1821796
1840676
1824182
1820033
1820862
1821796
1809867
1833414
1815261
1820033
1806547
1810489
1786630
1799493
1804991
1818891
1836941
1810385
1800427
1801568
1817439
1827916
1824286
1823145
1821381
1811941
1799182
1806754
1823871
1820759
1829265
1837460
1810074
1808311
1814327
1812356
1834244
1801257
1819410
1835385
1807377
1816713
1807792
1849597
1829161
1808725
1801464
1796485
1796173
1801049
1796588
1791194
1803020
1812667
1794825
1825531
1806443
1810593
1831755
1812460
1818580
1805302
1813808
1825219
1832792
1835489
1812564
1822730
1813912
1826568
1821589
1819721
1819618
1826464
1820655
1826568
1816194
1823145
1804576
1807688
1798456
1803435
1819099
1815572
1821485
1803124
1804680
1816091
1820033
1829576
1811734
1817647
1791298
1806443
1813705
1824389
1827294
1840053
1794617
1792024
1825219
1793788
1806443
1809659
1841817
1798352
1838497
1798974
1830095
1815261
1827190
1829369
1816194
1807584
1807273
1791090
1803746
1792647
1816506
1806547
1817854
1811215
1825531
1819825
1818995
1804887
1818580
1810178
1831755
1801257
1822626
1811008
1839016
1816713
1826568
1804369
1815157
1796173
1834037
1807066
1821070
1809555
1809763
1826983
1821174
1819099
1821589
1790364
1787045
1807688
1833414
1820551
1805302
1814535
1832273
1837253
1798871
1816194
1806962
1812771
1823975
1798248
1798974
1824389
1798041
1789638
1819721
1818580
1796277
1828228
1815053
1828435
1836630
1826153
1812356
1799700
1805925
1815676
1815468
1820448
1822107
1804680
1784140
1816091
1810385
1800634
1812149
1820136
1811734
1820862
1806132
1813601
1806651
1798767
1807481
1811630
1799078
1802398
1804161
1800738
1795240
1826983
1799286
1831443
1820655
1824389
1801464
1823145
1840883
1822626
1846589
1785178
1822730
1820655
1825531
1804991
1793684
1809452
1837045
1836215
1798663
1826775
1819618
1822937
1825012
1805406
1785593
1817439
1814742
1821900
1796070
1839016
1807584
1822730
1820240
1816402
1809763
1795447
1815157
1830095
1831651
1826049
1796381
1805925
1812356
1810074
1818269
1813912
1824701
1838082
1809867
1783518
1825427
1801879
1820344
1805613
1805406
1812667
1803642
1829991
1823871
1817128
1831236
1809140
1814638
1819306
1809348
1827087
1789327
1817854
1816713
1826153
1814742
1833103
1802190
1800219
1817750
1829887
1791090
1816506
1832792
1814638
1803020
1800530
1817543
1833311
1799078
1804369
1806547
1795966
1805198
1808622
1809348
1826672
1809659
1810385
1823767
1838394
1814016
1824182
1807481
1818891
1811319
1796277
1814327
1810178
1813705
1813808
1800427
1814535
1808829
1821174
1825531
1816402
1849908
1807792
1799182
1817854
1816298
1842854
1796070
1823871
1833726
1827605
1814223
1800012
1808207
1823248
1798248
1831962
1821277
1818477
1787667
1824286
1825219
1794099
1819825
1829058
1806651
1813912
1798974
1803746
1816194
1811630
1814223
1818891
1804887
1797522
1823352
1837564
1789534
1834867
1807273
1822315
1838809
1818062
1835489
1818580
1825427
1819306
1823041
1832792
1807377
1794306
1806858
1805198
1823456
1846693
1851049
1810385
1812460
1811630
1817232
1818580
1808829
1824078
1816091
1828228
1815779
1807999
1804576
1832170
1811734
1816921
1813497
1809348
1804369
1823352
1818373
1798456
1815261
1811941
1820136
1836630
1809659
1822211
1795966
1792854
1807999
1829991
1822626
1823871
1777916
1821692
1792854
1809348
1806547
1821174
1815261
1819618
1830614
1832170
1823871
1802709
1804784
1787356
1806858
1799700
1813705
1813186
1815676
1820136
1786941
1830925
1802086
1809763
1816921
1829058
1812045
1795966
1818373
1822315
1811526
1814742
1812149
1832999
1818477
1826672
1812149
1841817
1818269
1818891
1802501
1805095
1803850
1797315
1821381
1839016
1836838
1790261
1826257
1833103
1775426
1813705
1791090
1804576
1813186
1810696
1825945
1803850
1813705
1823975
1807584
1781339
1815157
1816921
1804991
1823560
1816713
1798041
1818684
1824182
1819721
1817854
1822626
1809763
1827294
1835904
1804472
1834141
1823352
1845863
1822315
1803227
1813497
1797626
1816609
1824908
1835593
1823663
1813808
1828435
1850531
1825945
1803124
1810281
1811630
1809037
1822211
1803020
1821277
1813290
1812460
1797626
1815468
1821174
1813394
1812460
1824804
1788497
1823663
1832999
1806651
1823352
1824804
1802190
1830199
1818684
1780924
1825634
1820862
1806547
1811630
1817024
1801879
1820655
1837668
1819618
1815053
1803435
1804265
1817750
1809555
1804680
1802916
1821381
1805095
1828746
1826360
1819514
1807169
1826672
1827813
1826983
1804784
1794410
1803539
1834141
1817958
1808518
1809970
1824389
1805717
1833311
1826568
1783518
1850738
1822315
1836319
1816402
1797833
1816402
1822937
1825738
1822833
1844929
1825427
1824182
1793061
1823248
1832688
1809970
1835074
1814742
1834141
1812979
1816817
1813808
1817335
1827294
1797626
1815261
1821381
1837875
1834763
1842336
1831029
1795759
1813186
1832585
1834141
1831132
1805613
1787045
1808207
1807481
1819929
1810800
1828746
1803539
1806443
1836319
1834763
1834244
1825219
1801983
1830717
1784763
1820448
1834244
1801360
1805095
1819825
1834141
1824597
1819929
1806340
1817128
1817439
1835178
1832792
1798041
1817647
1824804
1846589
1814223
1821589
1800842
1807066
1827398
1820862
1827709
1799597
1822004
1808414
1846278
1811838
1810904
1800738
1790779
1821174
1801153
1830199
1811526
1804991
1806340
1801257
1819306
1824182
1806340
1802813
1820344
1817854
1796796
1793580
1808725
1830717
1823248
1826257
1817335
1826049
1823456
1812149
1822107
1833622
1812149
1788186
1833726
1809140
1837668
1812667
1802605
1788393
1814535
1808414
1804991
1814431
1802190
1811526
1832896
1779576
1838394
1821796
1809763
1814846
1818995
1811319
1822004
1831132
1818373
1801360
1826153
1827709
1811111
1822626
1799182
1835697
1809037
1825738
1809867
1818269
1821070
1817024
1817128
1825531
1784555
1820655
1811319
1827398
1809244
1825842
1796277
1805198
1827605
1840365
1819514
1845240
1803124
1813705
1827398
1829472
1818580
1836112
1816298
1819721
1817024
1803642
1829784
1821381
1824701
1813082
1817750
1805925
1797833
1823352
1841817
1818269
1828435
1815157
1814223
1827916
1833622
1822833
1815053
1798559
1796381
1812771
1820966
1823248
1810281
1807377
1815572
1786319
1841091
1812875
1821070
1839224
1798559
1813082
1792854
1823663
1836838
1810593
1826568
1816298
1815053
1824182
1833622
1820655
1822315
1821070
1811319
1828746
1835385
1836941
1797937
1806340
1784763
1828643
1800115
1806236
1842958
1811423
1806962
1802190
1815572
1811526
1803331
1822730
1799908
1813082
1817232
1831755
1813497
1809659
1812460
1822730
1810696
1800530
1817439
1795344
1802916
1819203
1813808
1807377
1818580
1817439
1795655
1830510
1804680
1818995
1810489
1833726
1835904
1800738
1822833
1810281
1821174
1809244
1811734
1819514
1817854
1833933
1813082
1826775
1797626
1813186
1793165
1824286
1814016
1814742
1831962
1786007
1829472
1809970
1845448
1815157
1835800
1804784
1808414
1793476
1834141
1821796
1826153
1819410
1823663
1815468
1831651
1818165
1815572
1822004
1831443
1841921
1802086
1808207
1847730
1808622
1843062
1803746
1819721
1825945
1822522
1834452
1773352
1807377
1823975
1824597
1805717
1807273
1796588
1826049
1833829
1820759
1825427
1823663
1812149
1808622
1822211
1808518
1792232
1798559
1815676
1811838
1782999
1792750
1846693
1815779
1829265
1822833
1813912
1778746
1823456
1812252
1803227
1834867
1807273
1824286
1799908
1818891
1798559
1829472
1798663
1812667
1821174
1812149
1826672
1836112
1818062
1812149
1819410
1816194
1800323
1827087
1832273
1815053
1806132
1810489
1828228
1804991
1811526
1819825
1822833
1816091
1822107
1803850
1816921
1831340
1809037
1806340
1799389
1831651
1834141
1824701
1819203
1817439
1808622
1807481
1827916
1812771
1790157
1788912
1796173
1832999
1811008
1815572
1795447
1792439
1815468
1828331
1819929
1830510
1821485
1804576
1819618
1817958
1833414
1814223
1814846
1829576
1810593
1816194
1821381
1806651
1780302
1804991
1830302
1806754
1821796
1814846
1823975
1819099
1804369
1808518
1816091
1806858
1816921
1809244
1829576
1827087
1805095
1794099
1814742
1807169
1822315
1786837
1807481
1815261
1825531
1792232
1815157
1822937
1815053
1807169
1812356
1815157
1839327
1810281
1815261
1816194
1822730
1787460
1834037
1794721
1778746
1834763
1793788
1809763
1812875
1843580
1793165
1815883
1808933
1826049
1806962
1827709
1820966
1818580
1823767
1813082
1809244
1830199
1813497
1834348
1810696
1790676
1795136
1786630
1816091
1803954
1810385
1817024
1820240
1834348
1821277
1794410
1830302
1793995
1825427
1802501
1834037
1844099
1800012
1812045
1801257
1810904
1811526
1812149
1787978
1808311
1804265
1848975
1828954
1834556
1821900
1822730
1806443
1823041
1814016
1818684
1807999
1832273
1824182
1817750
1832273
1777709
1809244
1803331
1842854
1821485
1787667
1823456
1824597
1799286
1805510
1817335
1809037
1820033
1823560
1799597
1815053
1823248
1828746
1844203
1812252
1835385
1812667
1816817
1820240
1832688
1833518
1821174
1817024
1802709
1782584
1820966
1794617
1792750
1818373
1815987
1811630
1814120
1816921
1809970
1831443
1798352
1789223
1810074
1797107
1832688
1806651
1818580
1822211
1816609
1821692
1814120
1812564
1825427
1821277
1791402
1820344
1830406
1807377
1800842
1809763
1831651
1807273
1833414
1809970
1827190
1830095
1800427
1796277
1813394
1831132
1808103
1838290
1806547
1799804
1811734
1812356
1833622
1842647
1817958
1814431
1836838
1832688
1846070
1804369
1845240
1822211
1787978
1826983
1814120
1811215
1804472
1804991
1834970
1817854
1801983
1800945
1824182
1811734
1826257
1796796
1825116
1806547
1802190
1844722
1839120
1801879
1790468
1792128
1846693
1829991
1804887
1830302
1776568
1818373
1830302
1816921
1829680
1816091
1815572
1810800
1837356
1816609
1828850
1822937
1825427
1818995
1832377
1827398
1830199
1827398
1826568
1821796
1819306
1796796
1810800
1813186
1806443
1834763
1810696
1821174
1809555
1816091
1829161
1824182
1814431
1838912
1806132
1818995
1799597
1848041
1827502
1802086
1830925
1834141
1809867
1810385
1821796
1814742
1827916
1825634
1837149
1825634
1817128
1826049
1822418
1809555
1787667
1823456
1817958
1802501
1823041
1801153
1813186
1817439
1794721
1825219
1824701
1832688
1797937
1819306
1829784
1817854
1825842
1831340
1805406
1797418
1818891
1836319
1805925
1832273
1815053
1819721
1824804
1828020
1801671
1819306
1796277
1822211
1826568
1835697
1828331
1803642
1815157
1806028
1814223
1806651
1814535
1807896
1826049
1812356
1812979
1810074
1822522
1814638
1806236
1801775
1819721
1812979
1826672
1822937
1820344
1815053
1789223
1807481
1821485
1798767
1813497
1839950
1811526
1796277
1818684
1820966
1824286
1817024
1807688
1824908
1815261
1793165
1787667
1832896
1800842
1834659
1821381
1819099
1798248
1813394
1795759
1796900
1812460
1808622
1804369
1827605
1828954
1817854
1816402
1836112
1811734
1826879
1824389
1791817
1799493
1815157
1834763
1807584
1809244
1821589
1812564
1811008
1812252
1825012
1829369
1797107
1824182
1839327
1811215
1813705
1833622
1834659
1791090
1808725
1816609
1830199
1800738
1796900
1810074
1826464
1821900
1820240
1814327
1800012
1794929
1821796
1805717
1807688
1809452
1810800
1819410
1820759
1812875
1806547
1813394
1846589
1803642
1827087
1792232
1829576
1854265
1813497
1827502
1831443
1855925
1811734
1810489
1805198
1828124
1831651
1791920
1811838
1804991
1809555
1823663
1834141
1839431
1784763
1824286
1811423
1824286
1817750
1815365
1830510
1820240
1836008
1812979
1818891
1808933
1786941
1828020
1796070
1820033
1826983
1815157
1791920
1818062
1809867
1795032
1800427
1807273
1831132
1813808
1819514
1831132
1817024
1807481
1798767
1817647
1800945
1826153
1820033
1811526
1837253
1801257
1813808
1826360
1804991
1830510
1837668
1827398
1808933
1811111
1817958
1800842
1805821
1821174
1808103
1811423
1826153
1817647
1815157
1830821
1824493
1825427
1785074
1785385
1831132
1799182
1800738
1828539
1800012
1810489
1824908
1821174
1804991
1817024
1813290
1798663
1835489
1836423
1811526
1808829
1789846
1808311
1818580
1817024
1801049
1811941
1816921
1812979
1829265
1804991
1806132
1817232
1832792
1835489
1824078
1822626
1803227
1825012
1824389
1791090
1812667
1805717
1780924
1831962
1808518
1824389
1823975
1815261
1794306
1820136
1822937
1822833
1832066
1804161
1809555
1820551
1818788
1844410
1810281
1821900
1793995
1796796
1785281
1807792
1810904
1816713
1818684
1813808
1811423
1787978
1812252
1807688
1838912
1825012
1814535
1823145
1800323
1825945
1813186
1832999
1809555
1819410
1832377
1824182
1802398
1812149
1804057
1788912
1804057
1827087
1809140
1811319
1817024
1806547
1819721
1821070
1817854
1826568
1817958
1828954
1817958
1820551
1832066
1812979
1816091
1824493
1811319
1827916
1836630
1795551
1820551
1799493
1808311
1810696
1795862
1816921
1810385
1813601
1794306
1817024
1811008
1802294
1803539
1811526
1829680
1784659
1802813
1798248
1818165
1834141
1794099
1797418
1806651
1820344
1804369
1810904
1815779
1832066
1835074
1809140
1809659
1804057
1815676
1828020
1816817
1831132
1797730
1796485
1801568
1821692
1810593
1810696
1806858
1808311
1797107
1810696
1817024
1817750
1836941
1804369
1812356
1793165
1801983
1836630
1824493
1809970
1808207
1811111
1840780
1826464
1811526
1822418
1791298
1827087
1806132
1780717
1821070
1816921
1815779
1813082
1806340
1798663
1811526
1825738
1809140
1824389
1806858
1801671
1824908
1836423
1825945
1811526
1812356
1851776
1816298
1802501
1819721
1808829
1784659
1841921
1825323
1823248
1808725
1828746
1809244
1797003
1830302
1833829
1815157
1820448
1807169
1823352
1809555
1812252
1827087
1776982
1817854
1807273
1841402
1819929
1818995
1819721
1831962
1821277
1817750
1811215
1801671
1814950
1795862
1815779
1811526
1821796
1809763
1815365
1828746
1829991
1803642
1835489
1829991
1816298
1806028
1806962
1796485
1811215
1815676
1808311
1806754
1813912
1832481
1782066
1799389
1807169
1827813
1814742
1802086
1808518
1824701
1816194
1805406
1814535
1828954
1815468
1796796
1810800
1809037
1776775
1816713
1826983
1802916
1809970
1791609
1790572
1818062
1809452
1818580
1818684
1832066
1809867
1837149
1812356
1822626
1802501
1819306
1806962
1798974
1816194
1836112
1814431
1809867
1818580
1797211
1818580
1804887
1811526
1829784
1815365
1819825
1822833
1806962
1818580
1807169
1807273
1807481
1794721
1809970
1793891
1805613
1808933
1821485
1805406
1835800
1801049
1811008
1809867
1799182
1809555
1803020
1811630
1804784
1810904
1818995
1818269
1804991
1812564
1807273
1825427
1844825
1807481
1820759
1801983
1807481
1818580
1837979
1814950
1802086
1813601
1801568
1799804
1814535
1823456
1821277
1797211
1819721
1848663
1803850
1807896
1808311
1796485
1807481
1798559
1855925
1785281
1798871
1801360
1838809
1801257
1828124
1791505
1796900
1797626
1828539
1790468
1780095
1821485
1840365
1817024
1800115
1823352
1815572
1805095
1818373
1805198
1826672
1824078
1794929
1817335
1815676
1809659
1790364
1808933
1837564
1805406
1834037
1800945
1806651
1822833
1828850
1795344
1820136
1797522
1826879
1802605
1820966
1800842
1808933
1810696
1788601
1826257
1822833
1835489
1818995
1802709
1818477
1815987
1828228
1802501
1831962
1825012
1805510
1817543
1812045
1807896
1811941
1805406
1782584
1822418
1807481
1833933
1825842
1828435
1806132
1809970
1830095
1822107
1812564
1821070
1825116
1816402
1811008
1808622
1802190
1811111
1833622
1823871
1822315
1817750
1811630
1828643
1821381
1790987
1811111
1828228
1790468
1798352
1786111
1802916
1829887
1831755
1828020
1799804
1810800
1802190
1807688
1807169
1815987
1828228
1815053
1815157
1822004
1820862
1784555
1839535
1830199
1826257
1812875
1818373
1829265
1806754
1804887
1854058
1804680
1818684
1848767
1813082
1818995
1812149
1807273
1828954
1831651
1811941
1806443
1819618
1799389
1803954
1807377
1809970
1810489
1826049
1814950
1820655
1821589
1808311
1804057
1811630
1802294
1835904
1801879
1796796
1830717
1810385
1805925
1808207
1799286
1807688
1816298
1815365
1833726
1820862
1814846
1835593
1832688
1810800
1821900
1804472
1831547
1804057
1812460
1820136
1820759
1802709
1803539
1845136
1805717
1784555
1782480
1830510
1786941
1799078
1811941
1836112
1824597
1827709
1835385
1814535
1820551
1792335
1776256
1826672
1826257
1812356
1818788
1852190
1804472
1800738
1827605
1820240
1816609
1834659
1827916
1824804
1823248
1820966
1808933
1812149
1813808
1820966
1837460
1832481
1826153
1800530
1827813
1820136
1812875
1815468
1829058
1817854
1822937
1790883
1812564
1816194
1819203
1814846
1832481
1805198
1794099
1818684
1818269
1846485
1813601
1831858
1812460
1803642
1808311
1827916
1830717
1828331
1820655
1788601
1799700
1796277
1810696
1801464
1808829
1805406
1812979
1819514
1769617
1825012
1817543
1821900
1797833
1815676
1811215
1821589
1837045
1813808
1816609
1834141
1814535
1814638
1802813
1817647
1820551
1816091
1822522
1809348
1838290
1821692
1820759
1836423
1809452
1823145
1819929
1818269
1791402
1812875
1822004
1822730
1800427
1822418
1807896
1805406
1808103
1816402
1812149
1832273
1829161
1838394
1800219
1804057
1795136
1827294
1810489
1809037
1829991
1792128
1850634
1794617
1825945
1834659
1825945
1819203
1807688
1818477
1809140
1799182
1828954
1823767
1808414
1828643
1845240
1817439
1846381
1818477
1816817
1794514
1818684
1820448
1831858
1801775
1807273
1807066
1803746
1823767
1829265
1803642
1844203
1798248
1812252
1816817
1811008
1811423
1808207
1815676
1809970
1827916
1808414
1834763
1816402
1823145
1816609
1826775
1790779
1824286
1816921
1821277
1803746
1797107
1803642
1841609
1821381
1791298
1851153
1813497
1827502
1809452
1810178
1823041
1816609
1830925
1826983
1807169
1812564
1823352
1816194
1829680
1815987
1822522
1807481
1815883
1825012
1815468
1815883
1828954
1822315
1818165
1814431
1806443
1794929
1788601
1797522
1809348
1828850
1816817
1819203
1829161
1842128
1829058
1811111
1832585
1807377
1806754
1794514
1828539
1801049
1825427
1825219
1820862
1804057
1815779
1810074
1814327
1829472
1804472
1793788
1815987
1822107
1811319
1805510
1816402
1815987
1822211
1810800
1822107
1803124
1806651
1808207
1829058
1818995
1827398
1802190
1812564
1832481
1817335
1800427
1850946
1821589
1825219
1793373
1823352
1817854
1818684
1819929
1840883
1814120
1813705
1816506
1829784
1824597
1823145
1819306
1796588
1848041
1802605
1811319
1825219
1801775
1797937
1827087
1812460
1805613
1832999
1838497
1784659
1833207
1816713
1802190
1818269
1810904
1807481
1820966
1822730
1839016
1806443
1818580
1819929
1797418
1834659
1809659
1793891
1811630
1818580
1814950
1817128
1804887
1813497
1825427
1789327
1794099
1832585
1815779
1819203
1800738
1836008
1802709
1791609
1814950
1803227
1800945
1833207
1811423
1793269
1805095
1831132
1805095
1816713
1814431
1798871
1806443
1810904
1818580
1819514
1803850
1803539
1811941
1815572
1836838
1822211
1825945
1808311
1847004
1812667
1832481
1810904
1803227
1848767
1805510
1815468
1821485
1820655
1839846
1812564
1829784
1820033
1820759
1831547
1816091
1799182
1805510
1825842
1812460
1821692
1814431
1822107
1812252
1821796
1805925
1826672
1826464
1833414
1800219
1832170
1829680
1812460
1831236
1806028
1822211
1820551
1825219
1783725
1787356
1818062
1825012
1817958
1826775
1825116
1813394
1815365
1811734
1806236
1801671
1802294
1802605
1833622
1786422
1791194
1801153
1814431
1831651
1835904
1812771
1815365
1823248
1815157
1827916
1810593
1821589
1804472
1840572
1798559
1814431
1829887
1813705
1819514
1828643
1820033
1811215
1812771
1796277
1841195
1826775
1822107
1844099
1804784
1802086
1827709
1842336
1840883
1847522
1825116
1815053
1815468
1831132
1815572
1799493
1844203
1813912
1796485
1835489
1822315
1825738
1815157
1806132
1797626
1841609
1823145
1813705
1797003
1831029
1810281
1830406
1827398
1826775
1814742
1833311
1832999
1834244
1823456
1830302
1822315
1814846
1803331
1829991
1816921
1784763
1817543
1826360
1799389
1829991
1805198
1807066
1817024
1795759
1818062
1811215
1805406
1808414
1820551
1791194
1807584
1816817
1815572
1825945
1832066
1803746
1836838
1826464
1828020
1818477
1809555
1777397
1805406
1811008
1823456
1821485
1798974
1821796
1836215
1811526
1809244
1815053
1810074
1815261
1822730
1827916
1841921
1825012
1840053
1835178
1830717
1818995
1811111
1833207
1818684
1821796
1825945
1837564
1818995
1796277
1820966
1810074
1821589
1787771
1806962
1834244
1844618
1810178
1806443
1837045
1804887
1826360
1839120
1801049
1814535
1835593
1811941
1809244
1843269
1839224
1818891
1822107
1803020
1837356
1827502
1805406
1847522
1810074
1819306
1826360
1806028
1798974
1820655
1823248
1824182
1830510
1826153
1821381
1818165
1816091
1799389
1825842
1850634
1803020
1801049
1810281
1814950
1808518
1819514
1812667
1831755
1814742
1796588
1807377
1836734
1821485
1834037
1795344
1796277
1821174
1823767
1821381
1822937
1824286
1796796
1826775
1791402
1807792
1820551
1805821
1807169
1825012
1838186
1785593
1820655
1799908
1805925
1838082
1801153
1824078
1821796
1836423
1832585
1832481
1826464
1822833
1826049
1805302
1812045
1805925
1807377
1805717
1843892
1808829
1800634
1818995
1829161
1824804
1818062
1816609
1829058
1838601
1813808
1797626
1804991
1826672
1784659
1817647
1790364
1804265
1813082
1791713
1825219
1834037
1834452
1807688
1831962
1800115
1817958
1838809
1803642
1791090
1822522
1803954
1837979
1816609
1812564
1818788
1827087
1831443
1823767
1809140
1809244
1832066
1830925
1803020
1820966
1803642
1806340
1831547
1809037
1813082
1789327
1807273
1827398
1801879
1813186
1784451
1832377
1794929
1802294
1815779
1804472
1812149
1804057
1805406
1833414
1817750
1839846
1805095
1823352
1807169
1797833
1806651
1825219
1829369
1814431
1801671
1841817
1817750
1825842
1849182
1808311
1826983
1800323
1808518
1795966
1806962
1845033
1808829
1833518
1810074
1812667
1816921
1817647
1781754
1824182
1796173
1836112
1820551
1812045
1805613
1814742
1799286
1829887
1822107
1805095
1826257
1794306
1818165
1827813
1820033
1811734
1789431
1814846
1816921
1816091
1801360
1790053
1846589
1815572
1798041
1825323
1793684
1816713
1825012
1822833
1817128
1804991
1808518
1819306
1820655
1849493
1792024
1798871
1815987
1831651
1825116
1832792
1829991
1810800
1801879
1817232
1817543
1825842
1818684
1798974
1813705
1795447
1823456
1817128
1844410
1797522
1808311
1820240
1806236
1798352
1807481
1795136
1814742
1817543
1838809
1812875
1804057
1808414
1809763
1824597
1793995
1815261
1795862
1809763
1827398
1825012
1822004
1812252
1813186
1837979
1803331
1793684
1823767
1782792
1805302
1815157
1803331
1811734
1846796
1840572
1809867
1801983
1827813
1805302
1799182
1819099
1832481
1820655
1789016
1807169
1801049
1823767
1820966
1815053
1833518
1820448
1796381
1814016
1790676
1806547
1821381
1780509
1804784
1824804
1802605
1822107
1801983
1807584
1794203
1808207
1812667
1826879
1824182
1854473
1805510
1800842
1822315
1809555
1815261
1814638
1822418
1808829
1827087
1776153
1837045
1842128
1826153
1818891
1830199
1829680
1806028
1836734
1814223
1807273
1833622
1835385
1824389
1810074
1793788
1803954
1827294
1811111
1826672
1821174
1803331
1833829
1838705
1808622
1812979
1817750
1809659
1825219
1830406
1835074
1839327
1806651
1819410
1813290
1804161
1810696
1807481
1798871
1793580
1809763
1837875
1800738
1815261
1811526
1816817
1806651
1815053
1823041
1807999
1814742
1797418
1823145
1825945
1809555
1836734
1823352
1823145
1806132
1821381
1829058
1789949
1811215
1799493
1809555
1823975
1810178
1844825
1826360
1803954
1805510
1811526
1819514
1833933
1822937
1806340
1820448
1829265
1807896
1794617
1801464
1811215
1803642
1828954
1789120
1802709
1823456
1797522
1805613
1813394
1819410
1814431
1792128
1832377
1824908
1801257
1840987
1800634
1831340
1818891
1806547
1814742
1814120
1823663
1855821
1815468
1829680
1833311
1825427
1817128
1810489
1811630
1837460
1828228
1809037
1799389
1806028
1801153
1827916
1783933
1830821
1803539
1818684
1834867
1813912
1812045
1830302
1825738
1810385
1815676
1819929
1805925
1809659
1800634
1817543
1827398
1812356
1810696
1803020
1801568
1818684
1791817
1835178
1818165
1800115
1829161
1822522
1822418
1833933
1831340
1815053
1825531
1831132
1814742
1832688
1822315
1797833
1813186
1804991
1812460
1841402
1803850
1810800
1796485
1818373
1813601
1839950
1800634
1822315
1813601
1811526
1846174
1808518
1818373
1820448
1836008
1820862
1833829
1814638
1832999
1817647
1826672
1821070
1821900
1820966
1806340
1836941
1812875
1801671
1828228
1817543
1785385
1817439
1810904
1805510
1803642
1799804
1818373
1792128
1809452
1813705
1819618
1803227
1809348
1815572
1800842
1824908
1813394
1819099
1794617
1797211
1805406
1838497
1817128
1822626
1786734
1790676
1815261
1817543
1809037
1866610
1826360
1822211
1820033
1825634
1820344
1816298
1807273
1802190
1812979
1796485
1812460
1825427
1830925
1814223
1805925
1809037
1842854
1832273
1814638
1796070
1814950
1812045
1821277
1811734
1817232
1815261
1856962
1807792
1814742
1810904
1808829
1826672
1836319
1822833
1807273
1808311
1812979
1828746
1809970
1802501
1830095
1821692
1790883
1797003
1785489
1808207
1816091
1828124
1823975
1797211
1800945
1806962
1827398
1833622
1791402
1818580
1790468
1806858
1827502
1821381
1820759
1807792
1803746
1806443
1808311
1835800
1815676
1784036
1806962
1811423
1803954
1822211
1822107
1809763
1809140
1807481
1818995
1818477
1808207
1811838
1832999
1797833
1816609
1810593
1805095
1797418
1836319
1833207
1807273
1806340
1836734
1816713
1823352
1819099
1814742
1815053
1799389
1819929
1814327
1816713
1809140
1813497
1798248
1839327
1807273
1793269
1822004
1816402
1790468
1817335
1809348
1822937
1816713
1822626
1812771
1806443
1806651
1815676
1825012
1834659
1820655
1801257
1793891
1813186
1823560
1804991
1792543
1808622
1806340
1806236
1799700
1824182
1805406
1797730
1812979
1817439
1837149
1816194
1841402
1791090
1836112
1818477
1834659
1811941
1789534
1836319
1827087
1822626
1824182
1824389
1811319
1829680
1780509
1813394
1782273
1823352
1808311
1804991
1832688
1822211
1826568
1808414
1810904
1834867
1811423
1803124
1812356
1818373
1807896
1802190
1817750
1795551
1817854
1840572
1810178
1826360
1809140
1814535
1821070
1812564
1818788
1812564
1821070
1828539
1818995
1804472
1823560
1816609
1827087
1815365
1791090
1798871
1834037
1818373
1801464
1833518
1814223
1811630
1809867
1831340
1819410
1811630
1821796
1827294
1824182
1814223
1793476
1855095
1830925
1823663
1791090
1812149
1794203
1812771
1799286
1826983
1837875
1780095
1826983
1825427
1821381
1821070
1816298
1798559
1803331
1829369
1813601
1822833
1818580
1836734
1795551
1813705
1814638
1821277
1822522
1818165
1797003
1809970
1820759
1818891
1796070
1828746
1786941
1823767
1821381
1835178
1821070
1809244
1845136
1820862
1797211
1793061
1806340
1811838
1813186
1811526
1811734
1791505
1821277
1823975
1798871
1796588
1833933
1830302
1802501
1817543
1795344
1797315
1770966
1816713
1794825
1800323
1796277
1811941
1811941
1796692
1799182
1796173
1823975
1814638
1809763
1802813
1804369
1835385
1807688
1816194
1821692
1804887
1829472
1836215
1824701
1822522
1805198
1796070
1805613
1821070
1825116
1818269
1816713
1820344
1811734
1810489
1838186
1845655
1804472
1812979
1840261
1846174
1816298
1809867
1805925
1827087
1793269
1795862
1790572
1824804
1813808
1812667
1816713
1836215
1820862
1831443
1822418
1832377
1826464
1811111
1813290
1815572
1815157
1820448
1817128
1831858
1828539
1815053
1823145
1808829
1841402
1831547
1831858
1795966
1830302
1804887
1823352
1809970
1809037
1811526
1836734
1815779
1819929
1802190
1784763
1828539
1827190
1830717
1812564
1804369
1816506
1821589
1822626
1822730
1799078
1838601
1799493
1802916
1833622
1787045
1806028
1808725
1802709
1840572
1802709
1811526
1814846
1837356
1834556
1811215
1801464
1793373
1826257
1817024
1812356
1806236
1811008
1802190
1818684
1786319
1822937
1819410
1841195
1835904
1831755
1809867
1830925
1794825
1809970
1831755
1805717
1808622
1820551
1817854
1813394
1775219
1806132
1811630
1804265
1820862
1793476
1826049
1806962
1818062
1794203
1787875
1801360
1822004
1824804
1795136
1798041
1801568
1820759
1807792
1835593
1797730
1824493
1825531
1812564
1781754
1811734
1808103
1811734
1803124
1807377
1798144
1817543
1808207
1837045
1801568
1809140
1803642
1826672
1805095
1832170
1805717
1803331
1823560
1813082
1820136
1808829
1803539
1827398
1810593
1830199
1813808
1803954
1829472
1819514
1825012
1822626
1820862
1803539
1828746
1833414
1800115
1809659
1816402
1818477
1818995
1820136
1820966
1805302
1842024
1813705
1797833
1816609
1798559
1803331
1812564
1806443
1789638
1804265
1824597
1810385
1783933
1807169
1807584
1823041
1826153
1806443
1813601
1823456
1825012
1832896
1792543
1828539
1812979
1805925
1809763
1822833
1818477
1827916
1800842
1783518
1795447
1817854
1826879
1785281
1801568
1801464
1800634
1824286
1800634
1825842
1805095
1795862
1821485
1792543
1802813
1818373
1820136
1800738
1815468
1814016
1810489
1802916
1805821
1815779
1809763
1833622
1804991
1820136
1807792
1814950
1803020
1829472
1798456
1820759
1798041
1809452
1806443
1803642
1810593
1795344
1815261
1820759
1807896
1808622
1825738
1814742
1789846
1801775
1800219
1849493
1820551
1824493
1811111
1827087
1807066
1801671
1810385
1808725
1823871
1839535
1807481
1831132
1838601
1819514
1816609
1836423
1820551
1810696
1801257
1829058
1814638
1809348
1838290
1820344
1796277
1801257
1826672
1784451
1827916
1784348
1800219
1803124
1825427
1810178
1837356
1837564
1784866
1815676
1817439
1808103
1791609
1831443
1820655
1814431
1799182
1798974
1817958
1812045
1792335
1837045
1814016
1795032
1825323
1784140
1791402
1802605
1831236
1832896
1817335
1805302
1831962
1800634
1824804
1801983
1815987
1807066
1801671
1807584
1800738
1787460
1776879
1820862
1800219
1798352
1825427
1811734
1826153
1803435
1807999
1842543
1817439
1810800
1818788
1795344
1801775
1825012
1839120
1810696
1802605
1779783
1816817
1808311
1814846
1815053
1817439
1833518
1811319
1797937
1818788
1821796
1826360
1812045
1818891
1812875
1811111
1833207
1822211
1820136
1820448
1806028
1821485
1835904
1801879
1798663
1820033
1797211
1823456
1830510
1840987
1823041
1842336
1798456
1805302
1834659
1813808
1821277
1824908
1830199
1829887
1826464
1812460
1801671
1803954
1812045
1787460
1839535
1799700
1828850
1804472
1810178
1826257
1793580
1817232
1800634
1804057
1799700
1821692
1799597
1815572
1830510
1809867
1814742
1825427
1818995
1828539
1830925
1809452
1814120
1809452
1822418
1821174
1836319
1820551
1848767
1822211
1829576
1821900
1849493
1857273
1817024
1816402
1819721
1817854
1801257
1817439
1806028
1807169
1814846
1805198
1814638
1816091
1802501
1810281
1823352
1820033
1805613
1824389
1838082
1823041
1810489
1820344
1805198
1810904
1819929
1827398
1798352
1826672
1801983
1820551
1815572
1800634
1816506
1832481
1820136
1820448
1815883
1807169
1830614
1819721
1810904
1814535
1802190
1814950
1804161
1816506
1805925
1834556
1801360
1816091
1822937
1834970
1813394
1817024
1793580
1822833
1808622
1825738
1806858
1825738
1805925
1845966
1814223
1832896
1829161
1807273
1802086
1810385
1832066
1811111
1824078
1812564
1805717
1826360
1810074
1829991
1833311
1797730
1822626
1824908
1795032
1817232
1829680
1800012
1792128
1784763
1796277
1804057
1812460
1809348
1810696
1830406
1834244
1818580
1805613
1821381
1834970
1822522
1819099
1820862
1843477
1809037
1836838
1797003
1854888
1799804
1781754
1827294
1814846
1815468
1813601
1817128
1810074
1800945
1797937
1831547
1824597
1810178
1810178
1784451
1800634
1798559
1829161
1820240
1809763
1814535
1831236
1817647
1801257
1824286
1800945
1807169
1800634
1806443
1802709
1801879
1820448
1797626
1810800
1825323
1817024
1817232
1827502
1807792
1809867
1823248
1799700
1811734
1822107
1798974
1824804
1805406
1811941
1808207
1830717
1826049
1805613
1808103
1826464
1827294
1812356
1820344
1813808
1812045
1825738
1824182
1813705
1813705
1814846
1816091
1819099
1798559
1805925
1823560
1820551
1815676
1816298
1798456
1810800
1796381
1835178
1799078
1825323
1846070
1802501
1835593
1819618
1802294
1798144
1840676
1821900
1820966
1817232
1801983
1807169
1794306
1817128
1828331
1824078
1789431
1825012
1821796
1819514
1833726
1838497
1778539
1809452
1820759
1811423
1810800
1803435
1810696
1797730
1780924
1792335
1817439
1807792
1816921
1808725
1815987
1809037
1837149
1825738
1825738
1816921
1829991
1822107
1827190
1804161
1817647
1806132
1825738
1791505
1817335
1827294
1812252
1787875
1829369
1807273
1840468
1797730
1800012
1840676
1815261
1815987
1827398
1819514
1829265
1822211
1814742
1815157
1812875
1814950
1827398
1805510
1820344
1817335
1819618
1800945
1826464
1822937
1807999
1809452
1824597
1807688
1809555
1827294
1835385
1812667
1800530
1807377
1846174
1816921
1829576
1800012
1816817
1832688
1826153
1813808
1799804
1822004
1811630
1792128
1812771
1810593
1796692
1807584
1792024
1811941
1835489
1824182
1809140
1828228
1802709
1824078
1831858
1780924
1805406
1804265
1822315
1809555
1800945
1814846
1821174
1817128
1817647
1823871
1818165
1831755
1815053
1832999
1813808
1827709
1825738
1804161
1829887
1809244
1811423
1831651
1828331
1795136
1824908
1817647
1804887
1802709
1826049
1824286
1809970
1802605
1813808
1818165
1794617
1808829
1825531
1802398
1811215
1824701
1812460
1838082
1826983
1814223
1813394
1815261
1810696
1828539
1806651
1805613
1829058
1821277
1814950
1811319
1828331
1825219
1795447
1814638
1834452
1814431
1813290
1805925
1798144
1817128
1807896
1801360
1821070
1820344
1802709
1823145
1794721
1804784
1797418
1833518
1813705
1795966
1821277
1804265
1809037
1812252
1825634
1814431
1811111
1816402
1831755
1815883
1817647
1804161
1801671
1807792
1801360
1815572
1799908
1824701
1818477
1822315
1821277
1814431
1804161
1818269
1809140
1827605
1810074
1820344
1813705
1810074
1820344
1807273
1795032
1828331
1811423
1800945
1777605
1817958
1809244
1838809
1790468
1814016
1825945
1808829
1810593
1804161
1809244
1827190
1829576
1832792
1830302
1840157
1793995
1800427
1793995
1807377
1804369
1804161
1828331
1812667
1834141
1796796
1817024
1818891
1806962
1831755
1816506
1816817
1814431
1816194
1802501
1834452
1835697
1814120
1842232
1814016
1806754
1825219
1805925
1843166
1839327
1830821
1823560
1808103
1799493
1824493
1784140
1810489
1812356
1803642
1812979
1816506
1790572
1813394
1839950
1819721
1800945
1799078
1844825
1813705
1776879
1794721
1801983
1840987
1842232
1812045
1803746
1815157
1815779
1829058
1817128
1823871
1801775
1818684
1827398
1802294
1811630
1820551
1819825
1811630
1832170
1841609
1811008
1803124
1809244
1838290
1814638
1818062
1809763
1810178
1793788
1787875
1842128
1809555
1800012
1820344
1829369
1834970
1817647
1814431
1807584
1833933
1792750
1804265
1809348
1821174
1829161
1805510
1819929
1807066
1826568
1840261
1821900
1822626
1816609
1838497
1813497
1815053
1844099
1796173
1802813
1831858
1807584
1814950
1834141
1805821
1816713
1782895
1840676
1816402
1816609
1817439
1791817
1815676
1793165
1819721
1800738
1814327
1843269
1812875
1815053
1820240
1826568
1822937
1809452
1820240
1820448
1800012
1826983
1832999
1816194
1804265
1823456
1801049
1818684
1805613
1829265
1822004
1793476
1813912
1828228
1813497
1801153
1817543
1816402
1811734
1807999
1823041
1789846
1799078
1811111
1811526
1797626
1799493
1812149
1819514
1795655
1810385
1828228
1812667
1809244
1822833
1792335
1809659
1803642
1828850
1797418
1807481
1805821
1812149
1793684
1815572
1833207
1805406
1810178
1819514
1789638
1826879
1795344
1824493
1804369
1797626
1788393
1821796
1795862
1808414
1814223
1808933
1805613
1803954
1800219
1819825
1821589
1792439
1788808
1820033
1823145
1807999
1839742
1825116
1818891
1821174
1811111
1807066
1813912
1825219
1821796
1816298
1833207
1816609
1784555
1811941
1801671
1799908
1811008
1821174
1829161
1791609
1813082
1812045
1819929
1840157
1812045
1781028
1812875
1775841
1831443
1804784
1808311
1816713
1835489
1787252
1784036
1814120
1817024
1805302
1792232
1814431
1806028
1816091
1821485
1826568
1836008
1804991
1809348
1815883
1820966
1806443
1818684
1821900
1824389
1807584
1820136
1821589
1795344
1815157
1810281
1824078
1813082
1819099
1806651
1805613
1823975
1818580
1802813
1813601
1803020
1828228
1810281
1835489
1836734
1817750
1796796
1813808
1842128
1812149
1841921
1828435
1814223
1790572
1826879
1815468
1818373
1841609
1826983
1806028
1816609
1806547
1797003
1815261
1810489
1819721
1814327
1833933
1815157
1811941
1843269
1862668
1815676
1828539
1816091
1803020
1817128
1800012
1845136
1818165
1784451
1815053
1792232
1830717
1830302
1811941
1804991
1818062
1811215
1816713
1813601
1825323
1810074
1811838
1820759
1796485
1799597
1842647
1820862
1797211
1808829
1822730
1820033
1836734
1800945
1818580
1797626
1807792
1807066
1827605
1822211
1801879
1814120
1816091
1832585
1850012
1779991
1781443
1832066
1801464
1818891
1833622
1823871
1805302
1839224
1817024
1828228
1818373
1826360
1832999
1816817
1829369
1822937
1810696
1833829
1817750
1794929
1823145
1780717
1801983
1792232
1822418
1778850
1815779
1822004
1820655
1837564
1833726
1821900
1804472
1820240
1792439
1809244
1806340
1803954
1820033
1835385
1827709
1821277
1818788
1828850
1822626
1823663
1799182
1832792
1807273
1825427
1810281
1831651
1826049
1808311
1805198
1820862
1786941
1811008
1800012
1816194
1825323
1830925
1816921
1791817
1784866
1816609
1825738
1828746
1791713
1813497
1829576
1814223
1790157
1822315
1814535
1818684
1830925
1811734
1811008
1801464
1830925
1786837
1792128
1832170
1807896
1812979
1803124
1832170
1800945
1819825
1846589
1813601
1801049
1830614
1804265
1828954
1814950
1827813
1819618
1818062
1819514
1822211
1820033
1810800
1812356
1801257
1826257
1820551
1822418
1820136
1823560
1809348
1798767
1812149
1818477
1834037
1821070
1818062
1824908
1805302
1813082
1802709
1836423
1818580
1815365
1793995
1818062
1812045
1811423
1816817
1817439
1810489
1799389
1827709
1809659
1822730
1829887
1805198
1822626
1812771
1825219
1827916
1806132
1797730
1809555
1821277
1785904
1802294
1821796
1826257
1820759
1822418
1833933
1801879
1800219
1834037
1841506
1837668
1810489
1823560
1824804
1808103
1810696
1836008
1820033
1803539
1823145
1824182
1826568
1802294
1780924
1836526
1808518
1777605
1816402
1809659
1820448
1826464
1823456
1792024
1822522
1820966
1823871
1825012
1817024
1839431
1847834
1791298
1807169
1837460
1799908
1832170
1820655
1825738
1817024
1828435
1805717
1788808
1854784
1831132
1816921
1817024
1820033
1797937
1828643
1813082
1821692
1817128
1822418
1807792
1819825
1809037
1839846
1831340
1815365
1809037
1786837
1801049
1813705
1812771
1825116
1791609
1815365
1836319
1825945
1822315
1830199
1805925
1810178
1804784
1817232
1829991
1817232
1839639
1820759
1833622
1818269
1804576
1830406
1836838
1820551
1806236
1812771
1818165
1782169
1836838
1810904
1829058
1838912
1812460
1814016
1843166
1833518
1832377
1780717
1818165
1821070
1802190
1806651
1839742
1813497
1817958
1821174
1828643
1819825
1814742
1829161
1802709
1815779
1823767
1811941
1819099
1813912
1799700
1813705
1825842
1827605
1812979
1821381
1805821
1805095
1834141
1825012
1797107
1795136
1831962
1814431
1800945
1807377
1819203
1798456
1813186
1801257
1829369
1825012
1809140
1788705
1821381
1799493
1836630
1822107
1814742
1814638
1822730
1829161
1817024
1818788
1844307
1829991
1801879
1792543
1805095
1820551
1815676
1818477
1812460
1797833
1805925
1814742
1808414
1816609
1829680
1799804
1795759
1834556
1844514
1855614
1800012
1813808
1836008
1815261
1822730
1813394
1816506
1815572
1819618
1805821
1817232
1818684
1843580
1839846
1823352
1807688
1818062
1821070
1812564
1832792
1822004
1815053
1804057
1806547
1825427
1829576
1829058
1807273
1806754
1810489
1814742
1808933
1808933
1801879
1797003
1814327
1802605
1827294
1807688
1805925
1826568
1807792
1809140
1824078
1813497
1819929
1807481
1816817
1809348
1794514
1805717
1811423
1827502
1808103
1839950
1821589
1813601
1816713
1797937
1805821
1848975
1798559
1830717
1818684
1825634
1816609
1811215
1805925
1801153
1818269
1799493
1822107
1819929
1827398
1797315
1814535
1819929
1811734
1821174
1793269
1804680
1832792
1811008
1815157
1815157
1824389
1829058
1816609
1814638
1827190
1822315
1818891
1818684
1824701
1831962
1802605
1812149
1800323
1807688
1804680
1810178
1805717
1825427
1813497
1842128
1820448
1810904
1811008
1804991
1806132
1825738
1801153
1818891
1822418
1830821
1834659
1827190
1798767
1829991
1836423
1820344
1811423
1833207
1804265
1792439
1820136
1809244
1816921
1820966
1848871
1829161
1816194
1793476
1826153
1828643
1827087
1822730
1814742
1811941
1823248
1800530
1793061
1823871
1800634
1803020
1824804
1814846
1831340
1809140
1819099
1840261
1841298
1818477
1800634
1814742
1799493
1801049
1811941
1815987
1827190
1802501
1830614
1810074
1808518
1802709
1803954
1807066
1795862
1818684
1824597
1812460
1813082
1807481
1820655
1784140
1824389
1806962
1823560
1795032
1820240
1823456
1822937
1822833
1828020
1815883
1818580
1815468
1815261
1840365
1811319
1818995
1800738
1819514
1809970
1812564
1825219
1803539
1827502
1814535
1811423
1824701
1820240
1825842
1804265
1826049
1835489
1828746
1813705
1846796
1812149
1828643
1802813
1819099
1816817
1827398
1818684
1822937
1805510
1793476
1832585
1841298
1813808
1815365
1810281
1832999
1814223
1832896
1799908
1816713
1817647
1797211
1826464
1829161
1797626
1810178
1802294
1802501
1824078
1829058
1799182
1811941
1815676
1800738
1827294
1827398
1822937
1822315
1828228
1823352
1840365
1822004
1797833
1826568
1831443
1814016
1785178
1812356
1839016
1803850
1820759
1768995
1834244
1813290
1808103
1792128
1816921
1810696
1806028
1840053
1821174
1799597
1814223
1807584
1815157
1818373
1820240
1822004
1815883
1809244
1797626
1814846
1820966
1816194
1805406
1810800
1819514
1823248
1825427
1823248
1812667
1798871
1834037
1807792
1815053
1811111
1827916
1810281
1805406
1846693
1842232
1811941
1822418
1797211
1814535
1810593
1823041
1810696
1816609
1831651
1819099
1829369
1821174
1807169
1792750
1812356
1832066
1802709
1801568
1793165
1836319
1828020
1807066
1811319
1805510
1827087
1808518
1848456
1810178
1804265
1816713
1814950
1824804
1813497
1804680
1826257
1818165
1824804
1811423
1806858
1816817
1822522
1837045
1846796
1817024
1831132
1814950
1805717
1792854
1798871
1818684
1794410
1786422
1813186
1805406
1833829
1847937
1818891
1801464
1807792
1813601
1831651
1812875
1829161
1816402
1801671
1801360
1834659
1800012
1800427
1808311
1836941
1791402
1843684
1794721
1799493
1783414
1792439
1778227
1833622
1805198
1814950
1788601
1819929
1829369
1823560
1806651
1837460
1818373
1796692
1787978
1809763
1816713
1793373
1806754
1830510
1821796
1826672
1817854
1823145
1819929
1844203
1822522
1827087
1822211
1799908
1815365
1820655
1792958
1808725
1792750
1799597
1824182
1817024
1797418
1816402
1811838
1824908
1808933
1826153
1799908
1799804
1821692
1838809
1825219
1807999
1831443
1806547
1809763
1816506
1789846
1833726
1816194
1802916
1830717
1804576
1814016
1827813
1808725
1791609
1814846
1828020
1834244
1802086
1799700
1806340
1782584
1815987
1803435
1830406
1811526
1821589
1815053
1819721
1813394
1824804
1824078
1835593
1834556
1802398
1812979
1790676
1810385
1815261
1802709
1803642
1801568
1823975
1806028
1841609
1827916
1839950
1810696
1817958
1790883
1812149
1803539
1820448
1799804
1809867
1800219
1815468
1807066
1813601
1814950
1811319
1822004
1806754
1822315
1826672
1815572
1810800
1842336
1841091
1822626
1823871
1833518
1819929
1826672
1835074
1816609
1800530
1807688
1841091
1808414
1785800
1809244
1817958
1840157
1817024
1821900
1826672
1844307
1809555
1828020
1799597
1800323
1811630
1804991
1825116
1802813
1816609
1817958
1830302
1827916
1811111
1816298
1820966
1830821
1836630
1807896
1815157
1808103
1807584
1820862
1804784
1809763
1825323
1817543
1833103
1822315
1815468
1816817
1815157
1825634
1793269
1837253
1805095
1820551
1805925
1838601
1812460
1822315
1824804
1840883
1819929
1818062
1842647
1812667
1821485
1819618
1807377
1809452
1826672
1819825
1819099
1795447
1828331
1814742
1800012
1834867
1807481
1805198
1807896
1798974
1806340
1815261
1822315
1813601
1832377
1795240
1805613
1805302
1816298
1839327
1823560
1807481
1824389
1835904
1836941
1819306
1793165
1825323
1810385
1840157
1815261
1816298
1821485
1825531
1834970
1790468
1836838
1811111
1799597
1804887
1829058
1790261
1811215
1796277
1818891
1807066
1815468
1834452
1780613
1816298
1833414
1821277
1803954
1786319
1790676
1780406
1831962
1835800
1809555
1822833
1826153
1807896
1839016
1807688
1815779
1785489
1799493
1806028
1837668
1801983
1814742
1804472
1819410
1794099
1835800
1821692
1833518
1837979
1800115
1813186
1796277
1781858
1832792
1811319
1822004
1811838
1825945
1850842
1796692
1802813
1810800
1820344
1808207
1805821
1847004
1804265
1820655
1810593
1839120
1822833
1820759
1805821
1824493
1814638
1820551
1808622
1801879
1836526
1829991
1783622
1814950
1790053
1814120
1794410
1811319
1815779
1817854
1806132
1843788
1833726
1837356
1807066
1841506
1804680
1803020
1822730
1822937
1791402
1831547
1792958
1798663
1809452
1827605
1826568
1814223
1819203
1823352
1795240
1798871
1816506
1808622
1837253
1832999
1820759
1801464
1823663
1827813
1805613
1820655
1834037
1825116
1804161
1815157
1799597
1812460
1829576
1842647
1794514
1805821
1805613
1814846
1824804
1810074
1836941
1818477
1798871
1812460
1834763
1799597
1801983
1801775
1829887
1815883
1814431
1844307
1835178
1822626
1811838
1838186
1813290
1807377
1824908
1807066
1837875
1808414
1789120
1822418
1816091
1805925
1819929
1826672
1825945
1813290
1824908
1834452
1822833
1827087
1822937
1808103
1827294
1808103
1818373
1818165
1813394
1819410
1803850
1819306
1811319
1821070
1827190
1845033
1816298
1844203
1797730
1795966
1823041
1816298
1826672
1820759
1802294
1827502
1799804
1825116
1829161
1832999
1840883
1818684
1788186
1808311
1824597
1811526
1806962
1820344
1818165
1809970
1821900
1824908
1811111
1810281
1837460
1808933
1793476
1790572
1821796
1817647
1801360
1836734
1802916
1809140
1812460
1825842
1843166
1799286
1802398
1809452
1802398
1809659
1825531
1823456
1813186
1818580
1820759
1810385
1820448
1801360
1830821
1806651
1821796
1826775
1805198
1824286
1795966
1840468
1789534
1837668
1827398
1809763
1840572
1807273
1820759
1825945
1815261
1839327
1800115
1801879
1799908
1833622
1810904
1805510
1803746
1819306
1801671
1809763
1809037
1816817
1819721
1791194
1804887
1822522
1808518
1796796
1806132
1816194
1820759
1830199
1792232
1796485
1814120
1784970
1815053
1819203
1825738
1835489
1801049
1845136
1834037
1794721
1804057
1809867
1817128
1817958
1826568
1836008
1806962
1823767
1824182
1822937
1828746
1810074
1808622
1810281
1826672
1825531
1809867
1787356
1807481
1819203
1795136
1822833
1819825
1806028
1795966
1814431
1821277
1837045
1821381
1819203
1824701
1808933
1823352
1811111
1790572
1804576
1828539
1801464
1791713
1802605
1816298
1779887
1822315
1808207
1818891
1800634
1811215
1807273
1823975
1832066
1817335
1831547
1827087
1810696
1806651
1823145
1823456
1804265
1801671
1831443
1822211
1815053
1830199
1834141
1801464
1815676
1831029
1812979
1806340
1805510
1829161
1840676
1809348
1808829
1816921
1815987
1813394
1846900
1815676
1813290
1838290
1815468
1802916
1812875
1806858
1802605
1828020
1815779
1836838
1799078
1798559
1817647
1825012
1789016
1806132
1799182
1798144
1797522
1814120
1827502
1798559
1810696
1823248
1811008
1793684
1809348
1824493
1801775
1814535
1819825
1809970
1812045
1838290
1813186
1819825
1821381
1822315
1815157
1817854
1807066
1822004
1822315
1822315
1835904
1808207
1792543
1791090
1810385
1814742
1803227
1832585
1827813
1812667
1837875
1806340
1820136
1822833
1803642
1813808
1814223
1837460
1809659
1802709
1817128
1807377
1828020
1818269
1809659
1824597
1822522
1811319
1799700
1809348
1809659
1824493
1821277
1815987
1812149
1837253
1801568
1819099
1826464
1831029
1807377
1817750
1823456
1807688
1813808
1821589
1802190
1825842
1829265
1793788
1808725
1797418
1837253
1826464
1842439
1797833
1798041
1816402
1815261
1807066
1834037
1795447
1808829
1812149
1790261
1791713
1823560
1787149
1783310
1824182
1817543
1815883
1805821
1797937
1816713
1825219
1809037
1801983
1817543
1819721
1814846
1806236
1823975
1841713
1810281
1818995
1810800
1845136
1822833
1808725
1811838
1812460
1810281
1807584
1833103
1846174
1804991
1808933
1819306
1829369
1808311
1837045
1795655
1822626
1807273
1818995
1838809
1846070
1818269
1807169
1817647
1787045
1843062
1821692
1814016
1807169
1825427
1834244
1826464
1830510
1832688
1796173
1820136
1802813
1807584
1818269
1813705
1814431
1797107
1799597
1812667
1808207
1812564
1826672
1812045
1810696
1803020
1818269
1809867
1824804
1806340
1829058
1849701
1816506
1817750
1808207
1811734
1813394
1814016
1838601
1832792
1810696
1820759
1813186
1807792
1829472
1808829
1805717
1810281
1813186
1834763
1796900
1831340
1821381
1825219
1813290
1824597
1827087
1812667
1790053
1804369
1816817
1808103
1821589
1788393
1808414
1834659
1832377
1812771
1807896
1803124
1846381
1821381
1826153
1805302
1809555
1818062
1804680
1818165
1797937
1849701
1830302
1843684
1817232
1821174
1799286
1817024
1804784
1810385
1826464
1822211
1791713
1829472
1816298
1803227
1796277
1813394
1802190
1822626
1816402
1792958
1828746
1799078
1807584
1807273
1839950
1806132
1809037
1821174
1792335
1795759
1816817
1836734
1834141
1811423
1811423
1808829
1814431
1836630
1823560
1804265
1818891
1792958
1806236
1818580
1814950
1821070
1812771
1830510
1800945
1819410
1780198
1809037
1797937
1809763
1800945
1791194
1823871
1804784
1818580
1838601
1834659
1807169
1816713
1791713
1806028
1809140
1821692
1809970
1831340
1819203
1827709
1841817
1821381
1801049
1777916
1828331
1816402
1821070
1782273
1841091
1821174
1805925
1797730
1838290
1789223
1790987
1810281
1810904
1816506
1804991
1822833
1830302
1806962
1800530
1799700
1800842
1811838
1834763
1812460
1798767
1809867
1804991
1836423
1813290
1809037
1803539
1823975
1828539
1839950
1812667
1804057
1820759
1835385
1815779
1797522
1803746
1804472
1827294
1816091
1782999
1780613
1809555
1813394
1804472
1807999
1799078
1806443
1817958
1820033
1826879
1802190
1804369
1809452
1781547
1803954
1835074
1803020
1820862
1785489
1832585
1821589
1821070
1820240
1820240
1788393
1800323
1833103
1810904
1835178
1826153
1814950
1834867
1815157
1815053
1819514
1814327
1800012
1784244
1805613
1814535
1844099
1828746
1818165
1826672
1831236
1831547
1822418
1808622
1800323
1817335
1848249
1806651
1829369
1798871
1833622
1801568
1803850
1787563
1804472
1836526
1815883
1812045
1798352
1818580
1804265
1823456
1818062
1814742
1828228
1820033
1823767
1822937
1815676
1811008
1826464
1813601
1828124
1809867
1810385
1793788
1830821
1805717
1793373
1803539
1821174
1818995
1820655
1798663
1799078
1801879
1840365
1808311
1810385
1849805
1823975
1809659
1832999
1778642
1825531
1820344
1809452
1797730
1802916
1822522
1817854
1818477
1819410
1810178
1826257
1808829
1822626
1808103
1801983
1790987
1818995
1822522
1832377
1802916
1821381
1823456
1809867
1819410
1810178
1803331
1809763
1821900
1808725
1823456
1805302
1826672
1826775
1799700
1804576
1813394
1821485
1801464
1817335
1804369
1816817
1815261
1841402
1805510
1809452
1832481
1803642
1793891
1808311
1811941
1818788
1809763
1810178
1825634
1814016
1832377
1809348
1822730
1816817
1816506
1816298
1800012
1825012
1825634
1817958
1794617
1830302
1804784
1789120
1832377
1814535
1814950
1825531
1812045
1830821
1814638
1814846
1794410
1836112
1827502
1848456
1813082
1808622
1835904
1816091
1814950
1833311
1825323
1813912
1823456
1810904
1802709
1817543
1814016
1804057
1801879
1827398
1798559
1794929
1787771
1819825
1823041
1802501
1814950
1801153
1815468
1815572
1833829
1833933
1789016
1824182
1810281
1798974
1827502
1816609
1827709
1811838
1797211
1813601
1812045
1807273
1821485
1802501
1796796
1814638
1804887
1820551
1808622
1804369
1829058
1828331
1798248
1825531
1813290
1808829
1809140
1815779
1800012
1829058
1811838
1834763
1840780
1825323
1809970
1824389
1825945
1829887
1824182
1816506
1849805
1815987
1811838
1819618
1812875
1806547
1814742
1804784
1800115
1791713
1811215
1821174
1832896
1807066
1807481
1819099
1803642
1805717
1837771
1810489
1817750
1824908
1809867
1828228
1788290
1807273
1814431
1785489
1801360
1835489
1841817
1805613
1811111
1819514
1813912
1826983
1801775
1831962
1817439
1815157
1811319
1820551
1836423
1820655
1831340
1815053
1811215
1795344
1808311
1833311
1835800
1805302
1793165
1834763
1815572
1824182
1816921
1832896
1794514
1801153
1827294
1801671
1811008
1826672
1814327
1803435
1811215
1821692
1805198
1827813
1798144
1811734
1817750
1796173
1815468
1819514
1832377
1817439
1809555
1825219
1809037
1832377
1829991
1814846
1830717
1845863
1837564
1841402
1837564
1798974
1814846
1813290
1816609
1786007
1812875
1801464
1812771
1812460
1824597
1825427
1819203
1820344
1789949
1827087
1824493
1806132
1812564
1814846
1812149
1807999
1818580
1811941
1811941
1851153
1812356
1806132
1819099
1814431
1805717
1804576
1800945
1822730
1806547
1820344
1811630
1798559
1809763
1829369
1803331
1821174
1814535
1829887
1787978
1835697
1820448
1810593
1826775
1807377
1817232
1809452
1811111
1786734
1801257
1828643
1807584
1809244
1811215
1825738
1810489
1836838
1813497
1828954
1835282
1829887
1812667
1822833
1788912
1797003
1801049
1803539
1814950
1818580
1804472
1835800
1816713
1804472
1812771
1796485
1819514
1829161
1835489
1819099
1816921
1828746
1817024
1818580
1810696
1812356
1822418
1806443
1798974
1787460
1815572
1817543
1811526
1825012
1789742
1821277
1803539
1800945
1823352
1818995
1786630
1806340
1813394
1808103
1815572
1821070
1821589
1816402
1798663
1840053
1825738
1837564
1821277
1817958
1836319
1817958
1805198
1821900
1804265
1824286
1801153
1825427
1819825
1800530
1808622
1816817
1822211
1819410
1818062
1812979
1810489
1827709
1813394
1797315
1795032
1811111
1810074
1795447
1819306
1819618
1827190
1839639
1830614
1798456
1815053
1831858
1798974
1823352
1808207
1800427
1806443
1845344
1821485
1814431
1792024
1813808
1819721
1812460
1848663
1820136
1859348
1838082
1817647
1823352
1816091
1808207
1826775
1847211
1822315
1806443
1797937
1815468
1837460
1785904
1795447
1811941
1798248
1825738
1824182
1815261
1824182
1793373
1804887
1820655
1817750
1825116
1820033
1842751
1814638
1791194
1821692
1819410
1824493
1803642
1818788
1801153
1814846
1840468
1846174
1805406
1835489
1820136
1826983
1811941
1821589
1822626
1807169
1814016
1806443
1806340
1817335
1808311
1817543
1823975
1826153
1827605
1821485
1802190
1824389
1831029
1815883
1779680
1812149
1813394
1822522
1806858
1820136
1782999
1807999
1816402
1840676
1841609
1817024
1809140
1778850
1825531
1807999
1817024
1829576
1807584
1816402
1799804
1815987
1811423
1822004
1804472
1827294
1807896
1821381
1835282
1814846
1821381
1807999
1807792
1800945
1833622
1813394
1808933
1831236
1815365
1809659
1839639
1834141
1815261
1822937
1817854
1790987
1825427
1807584
1839742
1817024
1814016
1833311
1833933
1807584
1825012
1804991
1830302
1856755
1788808
1839016
1828850
1811941
1829265
1800738
1819306
1822833
1813705
1818788
1784036
1819306
1815365
1806754
1816091
1823248
1804057
1816506
1815676
1800945
1814638
1790676
1809140
1833933
1828435
1818062
1798663
1804991
1811630
1825945
