1827813
1830406
1820033
1848041
1828850
1805510
1823663
1817439
1820551
1795655
1829887
1806547
1834037
1802916
1856340
1820551
1788912
1822107
1836630
1790468
1792543
1842854
1823145
1863083
1818995
1800842
1800842
1832481
1789949
1809659
1790987
1812771
1825738
1801360
1824182
1855303
1823145
1806028
1794617
1810696
1815365
1814327
1808103
1833518
1807066
1826775
1813808
1798248
1822626
1826257
1816921
1811734
1802916
1794617
1820551
1824182
1825219
1799286
1829887
1786319
1828331
1825738
1818477
1806547
1799286
1815883
1842336
1806028
1837668
1820033
1820551
1817439
1808103
1809140
1823663
1819514
1802916
1809140
1812252
1845966
1806547
1841817
1803954
1840780
1816402
1823663
1836630
1813808
1850116
1834556
1822626
1809140
1814327
1827294
1826775
1814846
1810696
1832999
1838705
1806028
1805510
1817958
1829369
1824182
1810178
1817439
1785800
1816921
1824182
1796173
1829369
1804991
1813808
1821589
1823663
1825738
1795136
1821070
1804991
1810178
1822107
1801879
1814327
1793061
1798248
1851672
1816402
1804991
1820033
1805510
1819514
1830925
1843892
1803435
1800842
1836630
1811734
1822626
1829369
1816921
1780613
1816402
1828331
1831962
1826257
1784763
1822626
1809140
1830406
1818477
1821589
1814327
1818995
1806028
1830925
1822107
1828331
1817439
1807066
1799286
1798248
1788393
1784244
1813290
1821070
1796692
1818477
1815365
1860489
1816921
1807584
1810696
1816402
1792543
1793061
1816402
1836112
1810178
1796173
1796692
1815365
1793061
1814846
1818995
1819514
1823663
1841298
1806547
1819514
1841298
1799804
1814846
1817958
1785800
1815365
1820033
1831443
1810696
1806028
1799804
1793061
1831962
1818477
1798767
1805510
1781132
1826775
1833518
1833518
1832481
1827813
1798248
1817958
1805510
1806028
1836112
1826257
1826257
1851672
1803435
1802916
1797211
1812252
1817958
1829887
1838186
1786837
1842854
1802398
1821070
1834556
1801360
1810178
1814846
1814327
1809140
1801360
1823663
1782688
1793061
1811215
1792543
1806547
1822107
1807066
1810178
1795655
1823663
1823145
1792543
1797730
1827813
1841817
1809140
1814846
1819514
1815365
1798767
1814846
1812771
1819514
1806547
1840780
1808622
1820551
1823145
1800842
1793580
1834037
1819514
1773870
1817958
1801360
1814846
1785800
1855303
1804472
1807584
1817958
1821589
1819514
1806547
1812252
1815883
1814327
1838186
1793061
1843373
1838186
1795136
1804472
1825219
1841817
1799286
1824182
1800842
1804472
1817958
1820033
1796173
1815365
1824182
1814846
1831962
1799804
1801360
1822107
1817958
1808622
1855303
1797730
1824701
1804472
1794617
1838705
1796692
1794099
1808103
1804472
1786837
1824701
1845448
1797211
1813290
1830925
1803435
1817439
1785800
1847522
1814327
1832999
1794617
1821070
1846485
1813808
1810178
1808622
1833518
1802398
1804991
1804991
1815883
1841817
1811734
1843373
1807066
1813808
1823663
1832999
1803435
1839224
1817439
1832999
1839224
1834037
1828331
1842336
1819514
1813808
1821589
1818477
1797730
1814327
1863083
1806028
1840780
1825738
1827813
1806028
1792543
1808103
1800842
1848041
1827294
1844410
1809659
1858933
1845448
1797211
1824182
1810178
1801360
1852190
1814327
1808622
1807066
1786319
1807066
1781651
1817439
1851672
1806028
1796692
1821589
1808622
1809140
1807066
1811215
1823663
1810178
1828331
1828331
1828850
1810178
1811734
1807584
1815365
1803435
1813808
1834037
1785800
1821070
1799286
1845966
1840261
1805510
1813290
1822626
1779057
1817958
1828331
1818995
1822107
1815365
1820551
1830406
1823663
1840780
1812252
1819514
1828331
1822107
1790468
1811215
1807066
1847004
1795655
1832999
1806547
1848560
1821589
1827813
1819514
1827294
1816402
1839742
1806547
1806547
1796692
1807066
1810696
1809659
1808622
1790987
1792543
1830925
1826257
1817439
1809140
1845966
1857896
1787875
1796692
1816921
1809140
1825738
1823145
1808103
1823663
1800842
1831962
1821070
1821589
1836112
1800323
1799286
1822626
1795136
1813808
1824701
1837668
1823145
1813808
1781651
1844410
1809659
1806547
1808103
1834556
1803954
1811734
1823663
1829887
1842854
1810696
1831443
1807584
1820551
1800842
1778020
1819514
1784763
1840780
1816921
1823663
1811734
1799804
1810178
1815365
1819514
1822626
1798248
1835074
1841817
1811215
1829887
1837668
1779576
1826775
1808103
1823663
1776464
1840261
1825219
1832481
1827813
1795136
1795655
1835074
1817439
1823145
1798248
1816921
1815365
1808103
1839224
1813808
1803954
1796692
1850634
1808103
1798767
1812252
1811734
1830925
1814327
1809659
1830925
1810178
1842336
1806028
1809140
1814846
1782688
1842336
1855303
1816402
1818477
1797211
1820551
1837668
1820033
1807066
1822107
1834556
1848041
1826775
1818477
1809140
1810178
1850634
1815883
1824182
1815365
1808103
1845448
1842854
1787875
1840261
1817958
1815883
1828331
1800323
1812771
1787356
1802916
1842336
1823663
1802916
1810178
1806547
1796173
1821589
1800323
1812771
1826257
1830925
1828850
1817958
1805510
1837149
1797730
1780613
1807066
1824182
1811215
1819514
1831443
1814846
1836630
1801879
1801879
1813808
1818477
1831443
1851672
1837668
1817439
1812252
1828331
1825738
1828331
1848041
1837149
1801360
1817439
1815365
1838705
1826775
1820033
1835593
1784763
1811734
1805510
1817439
1814327
1823663
1823145
1809659
1810178
1799286
1813290
1807584
1796173
1841817
1809140
1793580
1826775
1807066
1799804
1811734
1815365
1840780
1807066
1812771
1799804
1801360
1826775
1793580
1826775
1838705
1825738
1844929
1830406
1815365
1802916
1824182
1801360
1798248
1821589
1806547
1814846
1836630
1778020
1798248
1835593
1810696
1784244
1835593
1820033
1805510
1786319
1815365
1799286
1822107
1800842
1824182
1802916
1836112
1781651
1817439
1824182
1824701
1804472
1830925
1840780
1823663
1818477
1795136
1811734
1835074
1827813
1842336
1810696
1820033
1823145
1804991
1846485
1820033
1811215
1812771
1840780
1818477
1810696
1801879
1787356
1826257
1794099
1832481
1795136
1819514
1812252
1817958
1811215
1808622
1800842
1828331
1815883
1811215
1810696
1821070
1806547
1824182
1809140
1813290
1813290
1851153
1787875
1805510
1836630
1800323
1810178
1819514
1813290
1798767
1814846
1815365
1797730
1829369
1831443
1814327
1810178
1806547
1795655
1813808
1842336
1809140
1801879
1828331
1821070
1832999
1825738
1822107
1830925
1810178
1838705
1826775
1839742
1809659
1809140
1809659
1809140
1801879
1809140
1817439
1820033
1814327
1786319
1824701
1840261
1801879
1836630
1834556
1822626
1809140
1809140
1815883
1815883
1814327
1789949
1798248
1820033
1841298
1835593
1797730
1798767
1839224
1787875
1800323
1826257
1831443
1814327
1832481
1797211
1820551
1846485
1796692
1813808
1816402
1837668
1822107
1823663
1838186
1822626
1793061
1835074
1792024
1818995
1809659
1828331
1838705
1814846
1803954
1812252
1823663
1821070
1790468
1813290
1818995
1801879
1804991
1844929
1810178
1821070
1794099
1776464
1821589
1828331
1804472
1808622
1794099
1836112
1794617
1779576
1825738
1820033
1816921
1825738
1808622
1814327
1816402
1822626
1803954
1795655
1810178
1825738
1771796
1783725
1816921
1821070
1815883
1809659
1801360
1826775
1802916
1806547
1822107
1847004
1816402
1794617
1803435
1832999
1804472
1826775
1806547
1821070
1824182
1826775
1816921
1817439
1807584
1812771
1810696
1824182
1817958
1794099
1837668
1837668
1823663
1797211
1827813
1805510
1828331
1820033
1819514
1818477
1835593
1820033
1808622
1795655
1813808
1807066
1801879
1822107
1819514
1826775
1813808
1841817
1802916
1800323
1802916
1832481
1822107
1823663
1758829
1797211
1818477
1831443
1817439
1810696
1816921
1830406
1823663
1821589
1826257
1813808
1839224
1788912
1818995
1815883
1820551
1776982
1800842
1852190
1809140
1788393
1847522
1816921
1810696
1828850
1812771
1815365
1821070
1831962
1811215
1792543
1855303
1822626
1812252
1801879
1795655
1810696
1808622
1801879
1821589
1803954
1788912
1768684
1800323
1809140
1839742
1811734
1817439
1821070
1803435
1855303
1831443
1803435
1798767
1820551
1810178
1842336
1787875
1818995
1840780
1815365
1843892
1836112
1841298
1792024
1808622
1803954
1833518
1825219
1806547
1838186
1803435
1811734
1826257
1802398
1833518
1821070
1814327
1847522
1798767
1832999
1807066
1809659
1815365
1809659
1824701
1828331
1817958
1832999
1826775
1830406
1820551
1803435
1807066
1803435
1827294
1807584
1823663
1815883
1816921
1772314
1823145
1809659
1820551
1818995
1825219
1825219
1807584
1801879
1813290
1804991
1797730
1828850
1825738
1825219
1784763
1797211
1825219
1812771
1781651
1825738
1834556
1825219
1808622
1812771
1806547
1776464
1807584
1798767
1785281
1811215
1793580
1828850
1814846
1826775
1830925
1829887
1778020
1806028
1811734
1793061
1818995
1812252
1861008
1840261
1827294
1811734
1825738
1827813
1835074
1808622
1820033
1808103
1817958
1812252
1811215
1816921
1797211
1815883
1815883
1824182
1826775
1807584
1823145
1812771
1796173
1848041
1832999
1826257
1831443
1803435
1803954
1808103
1807584
1809659
1822107
1816921
1770758
1833518
1795655
1827294
1818477
1808622
1854265
1839224
1800323
1814327
1813290
1838186
1798248
1821070
1834037
1815883
1793580
1797211
1795136
1825219
1817958
1827294
1818995
1809659
1836630
1789949
1801879
1844410
1814846
1824701
1825738
1806028
1817958
1819514
1817958
1816921
1806547
1779576
1814846
1844929
1837149
1821070
1815883
1801360
1812252
1823145
1815883
1826257
1805510
1854784
1815365
1820033
1822107
1813290
1792543
1801879
1811215
1775945
1822626
1833518
1818995
1842854
1830406
1798767
1806547
1803435
1816921
1809659
1791505
1803435
1815883
1813290
1803435
1823145
1809140
1844410
1822626
1816402
1841298
1808622
1822107
1816402
1820033
1798248
1794099
1803954
1817958
1828331
1841298
1813290
1810696
1784763
1810178
1821589
1807584
1858933
1825219
1827813
1772833
1814327
1822626
1794617
1813808
1830406
1810178
1814327
1809140
1838705
1811734
1809140
1840261
1825738
1842336
1817439
1820033
1793580
1833518
1828331
1813808
1815883
1802398
1794099
1778020
1803954
1797211
1818995
1823145
1801879
1799286
1812771
1808622
1806547
1834037
1794099
1807584
1795655
1815365
1806547
1814846
1822107
1821070
1798248
1838186
1806028
1811734
1819514
1813290
1791505
1776982
1824182
1842854
1824701
1780613
1828850
1816921
1802916
1829887
1831443
1800842
1808103
1841817
1824182
1826257
1816921
1828850
1824182
1829887
1818477
1853228
1801360
1826257
1798248
1813290
1826775
1803954
1810178
1801879
1793061
1824701
1826257
1822626
1807584
1837149
1813808
1818995
1816402
1822107
1801879
1804991
1805510
1785800
1841298
1851153
1818477
1848560
1837668
1809140
1823663
1803435
1830406
1828850
1812771
1806028
1818477
1811215
1810696
1811215
1795655
1825219
1824182
1799804
1867232
1842854
1816402
1824701
1870863
1835074
1824701
1828850
1812771
1800842
1827294
1799804
1788393
1801879
1836630
1821589
1801879
1841817
1812771
1796173
1808103
1786837
1783725
1780613
1796173
1811215
1826775
1798767
1793580
1809659
1843892
1806547
1815365
1799804
1798767
1831443
1823663
1813290
1812252
1835593
1791505
1792024
1759866
1817439
1801360
1818995
1843373
1781651
1810696
1807066
1843892
1809659
1823663
1822626
1811734
1782688
1832481
1807584
1803954
1804472
1796173
1817439
1778020
1807584
1795655
1785800
1821070
1806547
1803435
1816402
1808103
1843892
1818477
1809140
1835593
1814846
1810178
1814327
1816402
1845966
1826775
1826257
1838186
1828850
1785800
1823663
1807066
1839224
1822626
1809659
1842854
1785800
1790987
1821589
1821070
1802916
1814846
1821589
1804472
1829887
1775426
1801879
1806547
1810178
1807066
1826775
1806028
1800323
1797211
1843892
1778539
1802398
1808622
1830406
1821070
1809140
1813808
1802398
1824701
1824701
1820551
1801360
1820033
1794099
1802398
1822107
1791505
1818477
1799286
1844410
1824182
1783725
1828850
1835074
1838705
1828331
1807066
1814846
1840780
1831962
1797211
1824701
1836112
1826775
1832481
1809659
1831962
1794099
1802916
1810696
1807066
1829887
1824182
1796173
1820033
1826775
1804991
1793580
1796692
1807066
1796173
1801879
1815365
1829887
1814846
1808103
1801360
1786319
1818477
1811734
1827294
1829887
1781132
1823663
1826257
1788912
1806028
1825738
1806028
1825738
1797730
1823663
1841298
1823663
1861008
1809140
1796173
1807066
1785800
1807066
1809140
1800323
1810178
1814327
1823663
1805510
1811734
1804472
1802398
1834037
1834037
1796173
1795655
1811215
1803435
1801879
1769721
1803954
1811734
1834037
1818995
1835593
1835593
1793061
1837149
1804991
1772833
1808622
1831962
1818477
1806547
1837668
1807066
1822626
1830406
1830406
1842336
1811215
1808103
1840261
1824701
1800842
1806547
1817439
1811734
1841817
1811215
1809140
1846485
1812771
1824182
1810178
1830406
1781132
1840780
1815883
1774908
1825219
1818477
1803435
1824182
1821070
1814846
1816402
1792543
1828331
1816921
1823145
1816921
1839224
1825219
1840261
1829369
1817958
1795136
1832999
1805510
1822107
1809140
1819514
1829887
1794617
1823663
1757791
1832481
1834037
1816402
1830406
1814327
1815365
1805510
1805510
1805510
1846485
1808103
1817439
1799286
1802916
1819514
1826775
1795136
1828850
1816921
1812252
1835074
1810178
1836112
1814846
1827294
1836630
1829887
1815883
1830406
1829887
1815365
1828331
1807066
1831962
1828331
1829887
1802916
1817439
1809659
1830406
1809659
1790987
1820033
1790987
1803954
1828850
1814327
1805510
1825738
1826775
1836112
1833518
1823663
1799286
1817439
1801360
1843892
1841817
1817958
1806028
1840261
1820551
1824182
1799286
1803954
1799286
1818477
1826257
1816402
1851672
1829887
1824182
1821589
1817958
1829369
1804472
1818995
1817958
1813290
1814846
1812252
1792024
1803435
1806028
1797730
1798248
1819514
1820551
1822626
1814327
1833518
1815883
1832999
1805510
1819514
1833518
1796173
1824182
1813290
1827294
1789431
1808103
1847522
1817439
1792024
1787875
1781651
1861527
1801360
1788393
1803954
1800842
1792543
1813808
1814327
1809659
1797730
1809140
1807066
1780095
1817958
1831962
1799804
1800323
1794099
1784244
1820033
1816921
1858933
1852190
1814327
1801879
1828331
1805510
1836112
1808622
1817439
1814327
1836630
1800842
1811215
1814846
1816402
1802398
1805510
1802398
1807584
1820551
1823145
1826257
1816921
1790468
1796692
1810178
1803435
1824701
1802916
1812771
1833518
1810178
1814327
1795655
1811734
1823663
1804472
1808103
1827813
1810696
1826257
1801360
1822626
1824182
1812771
1826257
1797211
1817958
1794617
1796173
1866713
1806028
1796692
1842854
1813808
1815883
1821070
1842336
1815883
1807066
1839742
1811215
1781132
1806547
1830406
1798248
1840780
1831962
1806547
1799804
1835074
1817958
1813290
1823663
1839742
1812252
1803954
1804991
1837149
1814846
1827813
1817958
1782688
1827294
1821589
1802916
1817439
1820033
1834037
1838705
1807584
1822107
1804991
1818477
1827813
1824701
1813290
1803954
1789949
1822107
1793580
1834037
1829369
1793061
1793061
1838705
1808622
1819514
1843373
1825219
1801360
1821070
1823145
1823145
1844410
1780613
1785800
1792024
1817958
1809659
1811734
1808622
1845448
1828850
1807584
1807066
1841817
1813290
1797730
1771796
1790468
1812252
1810178
1826775
1811734
1844929
1824701
1799286
1810696
1818477
1794099
1832481
1839224
1802398
1804991
1785281
1828331
1808103
1826257
1807584
1839224
1773352
1798248
1815883
1798767
1839742
1805510
1808622
1833518
1813290
1807584
1798248
1818995
1793580
1797211
1811215
1798248
1821070
1799804
1800842
1811734
1822626
1814846
1826775
1847522
1808622
1797730
1805510
1834037
1832999
1816402
1796173
1807584
1828850
1813290
1795136
1787875
1807066
1821589
1815365
1815365
1834556
1811734
1813808
1800323
1800842
1813290
1814327
1787875
1821589
1794617
1834037
1857896
1820033
1796692
1821589
1807066
1799804
1816921
1797730
1801879
1811215
1800842
1816402
1824701
1818995
1798767
1786837
1795655
1809140
1818995
1820551
1840261
1831962
1842336
1832999
1811215
1807066
1816402
1799286
1794099
1832481
1856859
1787875
1798248
1801360
1827813
1824182
1817439
1800842
1813290
1828331
1788393
1793061
1837149
1813808
1795136
1809659
1811734
1816402
1797211
1820551
1808103
1804991
1813808
1841817
1810696
1802398
1834556
1812252
1795655
1802916
1801879
1820551
1841817
1854784
1843892
1813808
1842854
1819514
1816402
1827294
1828331
1829369
1826257
1811215
1804991
1820033
1803435
1812252
1787356
1814846
1828331
1804472
1821589
1807584
1787875
1835593
1802398
1806028
1818477
1810696
1809659
1814327
1837668
1818477
1821070
1780613
1799286
1847522
1794617
1776982
1835593
1835074
1817958
1825219
1816921
1822626
1809140
1810696
1860489
1808622
1800842
1811215
1816921
1828850
1816921
1798248
1821070
1822107
1826775
1790468
1813808
1824701
1826775
1816921
1842854
1790987
1813808
1846485
1840780
1822107
1812252
1774908
1819514
1789949
1814846
1814327
1820033
1783725
1801360
1798248
1802398
1813290
1810178
1785800
1806028
1799804
1822107
1806547
1810178
1810696
1807066
1808622
1792543
1810696
1804472
1826775
1814327
1813808
1826775
1821070
1826257
1800323
1825738
1814846
1822107
1824701
1821589
1821589
1826775
1843892
1815883
1821070
1810178
1819514
1817958
1827294
1812252
1799286
1813808
1828850
1787356
1827813
1834037
1806028
1813290
1791505
1815365
1812252
1808103
1801360
1837149
1817958
1802916
1795655
1786837
1787356
1856340
1824182
1793580
1812252
1822107
1815883
1803435
1818995
1823145
1849597
1812771
1797730
1803954
1793580
1787356
1806547
1848041
1835593
1831962
1853747
1812252
1834037
1798248
1822626
1830406
1827294
1806028
1803435
1789431
1796692
1820033
1792543
1827294
1842854
1796173
1828850
1818995
1835074
1820551
1837149
1809659
1820033
1835074
1816921
1843373
1811734
1824701
1796173
1803954
1850116
1811734
1826257
1850116
1792543
1837668
1815365
1830406
1814846
1804991
1815883
1804991
1831962
1810178
1837668
1829887
1843373
1818477
1794099
1818995
1818995
1825738
1796173
1808103
1829887
1811215
1817439
1848041
1803435
1835593
1812252
1842854
1821070
1793061
1797730
1826775
1817439
1786837
1807584
1823145
1780095
1822626
1819514
1798248
1817439
1808622
1789949
1797730
1811215
1813808
1828850
1803435
1794099
1791505
1843373
1798767
1810696
1787875
1814846
1817439
1797211
1841817
1807066
1814846
1844410
1799286
1806547
1809659
1807066
1793061
1828850
1803435
1800842
1807066
1778020
1816402
1824182
1815883
1795136
1824182
1808103
1801879
1833518
1803954
1803435
1811215
1806547
1816921
1831962
1822626
1809140
1799804
1847004
1797211
1787875
1838705
1815365
1814327
1806028
1801360
1835074
1816921
1853228
1818477
1815883
1828331
1803435
1797730
1840261
1813290
1795136
1852190
1843373
1812252
1825738
1802916
1802398
1830925
1825738
1782688
1827813
1768684
1818995
1834556
1799286
1799286
1818477
1800323
1832481
1803954
1813808
1836112
1831443
1826257
1838186
1848041
1825219
1802916
1812252
1821589
1799804
1798248
1795655
1826257
1810178
1816402
1824182
1799286
1832999
1793580
1817439
1807584
1812771
1793061
1807584
1821070
1789949
1795136
1783207
1837149
1792024
1813290
1782169
1806547
1775426
1808622
1829887
1811734
1838186
1811734
1834556
1805510
1812252
1789949
1842336
1813290
1823145
1798767
1833518
1809659
1792543
1817958
1822626
1818477
1827294
1796173
1797730
1801360
1812252
1835593
1814846
1825219
1808103
1828331
1815883
1811734
1807584
1796173
1797211
1827813
1839224
1808103
1802398
1817958
1801879
1817439
1839742
1789431
1803435
1810178
1812771
1823663
1793061
1811734
1817958
1853747
1837668
1841298
1831443
1811734
1797211
1830925
1814846
1828331
1804991
1801879
1830925
1826257
1789431
1810178
1803954
1825738
1771277
1816921
1815365
1813808
1789949
1796173
1824182
1823145
1838705
1826257
1813808
1788393
1818477
1806028
1822626
1839742
1799286
1810178
1840261
1828850
1826257
1810696
1797730
1798767
1828850
1822107
1823663
1826775
1831962
1802916
1822107
1786837
1792543
1824701
1795655
1808103
1807584
1805510
1804472
1784763
1808103
1833518
1804472
1823663
1814846
1834037
1788912
1806547
1799286
1797211
1790987
1790468
1812771
1811734
1807584
1808103
1817958
1811215
1825738
1791505
1799286
1791505
1802916
1806547
1814327
1791505
1835593
1818995
1836112
1829887
1828331
1800323
1826775
1814846
1826257
1808622
1824701
1824182
1800842
1799286
1835593
1792543
1827813
1802398
1795136
1820033
1813808
1815883
1796692
1798248
1825738
1823663
1812252
1827813
1827813
1783207
1825219
1802398
1824182
1829369
1811215
1810178
1826257
1824182
1812252
1855821
1816402
1814327
1826775
1830925
1821589
1829887
1810696
1818477
1814327
1856340
1822626
1816921
1832481
1823663
1810178
1816921
1827294
1807066
1812771
1815365
1822107
1793061
1814846
1790987
1798248
1807066
1800842
1841298
1831443
1820551
1824701
1839224
1793580
1837668
1830925
1802916
1828331
1796692
1796173
1821070
1829887
1839224
1796173
1799804
1826257
1821070
1825738
1799804
1823145
1853228
1813808
1828331
1822626
1826257
1823663
1806028
1815883
1809659
1803435
1831962
1808622
1810178
1798248
1826257
1802398
1834037
1814846
1816402
1829369
1829369
1783207
1763497
1826257
1845966
1825738
1808103
1785281
1822626
1793061
1794099
1811215
1820033
1799804
1800323
1826257
1822626
1834037
1793061
1823145
1803435
1797211
1834037
1829887
1803954
1834037
1813808
1836630
1795655
1816402
1837149
1806028
1832481
1809140
1822626
1830406
1837668
1799286
1839742
1817958
1822626
1817439
1824701
1843892
1820033
1808103
1787875
1828850
1809659
1819514
1797211
1829887
1817439
1800842
1821589
1837149
1806547
1794099
1812252
1821070
1835074
1846485
1808622
1816921
1817439
1802916
1817958
1840780
1811215
1856859
1809659
1811215
1841298
1822626
1810178
1820033
1806547
1825219
1830406
1798767
1833518
1819514
1821589
1790468
1824701
1827294
1794617
1819514
1797211
1858933
1828850
1824182
1807066
1826257
1804472
1810696
1809140
1824701
1781651
1804991
1825738
1803954
1834037
1830925
1801360
1829887
1801879
1821070
1798248
1808103
1816402
1833518
1824182
1811734
1830406
1785281
1811734
1809659
1852709
1794617
1811734
1806547
1825738
1833518
1813290
1830406
1822626
1822626
1790987
1825219
1814846
1810178
1800842
1819514
1817439
1798248
1847522
1799804
1820033
1824182
1809140
1826257
1815883
1816921
1802398
1814846
1800323
1812771
1829887
1822626
1817958
1824701
1800842
1808103
1810178
1793580
1802398
1782688
1779576
1849597
1803435
1802916
1837149
1796692
1774908
1806028
1839224
1809140
1801879
1800842
1825219
1863601
1812252
1823145
1826257
1796692
1812252
1831962
1795136
1797730
1829887
1845448
1804472
1826775
1821589
1800842
1845448
1816402
1823663
1818477
1822107
1809140
1788912
1836112
1810696
1834037
1829887
1814846
1831443
1823145
1829887
1810178
1809659
1806547
1812771
1800323
1841817
1821070
1822107
1800323
1798767
1820551
1815883
1823663
1806547
1835074
1818477
1823145
1842854
1819514
1809140
1798767
1814327
1805510
1803954
1796173
1820551
1806547
1820551
1830406
1817958
1797211
1810696
1792543
1828850
1818477
1807584
1822107
1822626
1802916
1818995
1823663
1821589
1809659
1830406
1804991
1817958
1809140
1804991
1798248
1795136
1827813
1785281
1796692
1803954
1798248
1821589
1792543
1829887
1806547
1824182
1822107
1781651
1837149
1797730
1802398
1813290
1814327
1787875
1817958
1797211
1822626
1799804
1833518
1806547
1825738
1813808
1809140
1831443
1835593
1828850
1818477
1816921
1808622
1801360
1829887
1808622
1834037
1806028
1814846
1814846
1789431
1817958
1823145
1817439
1807584
1828331
1803435
1812252
1814327
1796692
1808622
1809140
1815883
1804472
1804991
1816921
1821070
1842854
1810178
1801879
1811734
1787875
1818995
1804472
1797730
1826257
1801879
1817439
1821070
1802916
1811734
1780613
1790468
1831443
1826775
1826257
1810178
1780095
1795136
1821589
1838705
1787875
1827294
1810178
1811215
1750530
1810178
1836630
1830925
1822626
1825738
1825738
1813808
1810178
1802398
1799286
1820033
1816402
1817439
1831443
1798248
1784244
1850116
1795136
1813290
1786837
1803954
1816402
1820033
1813808
1818995
1810178
1806028
1784244
1793061
1792024
1813808
1823663
1787875
1800842
1826775
1811215
1802916
1820551
1803954
1814327
1812252
1813808
1816921
1800323
1832999
1814846
1820551
1808622
1832999
1839742
1826257
1813808
1818995
1799286
1822107
1804991
1842854
1812771
1806028
1815883
1826775
1824701
1793061
1798767
1781132
1838705
1797211
1848041
1838705
1808103
1811734
1822626
1822107
1811734
1791505
1789949
1802916
1824182
1847004
1799804
1844929
1800842
1822626
1805510
1816921
1792024
1792543
1819514
1810178
1827294
1826257
1809140
1825738
1796173
1814846
1840780
1815883
1826775
1899390
1821070
1826257
1826775
1801360
1811215
1822107
1800323
1804991
1804991
1821589
1811734
1832999
1809140
1820551
1796692
1817439
1826257
1796692
1827294
1823145
1813808
1810178
1807066
1809140
1793061
1814327
1806547
1781651
1822626
1812252
1826257
1813808
1809659
1829887
1802916
1798767
1798767
1830406
1828331
1804991
1778539
1813808
1817439
1818995
1826775
1832481
1837149
1785800
1792024
1835074
1813808
1816921
1806028
1799286
1817958
1845966
1820033
1814327
1799804
1782688
1811215
1834037
1796692
1824182
1803435
1833518
1834556
1818477
1814846
1843373
1826257
1818477
1809659
1801360
1843892
1827813
1827294
1812771
1785281
1808622
1840261
1808103
1798767
1844929
1818477
1821589
1823663
1823145
1817439
1825738
1806547
1816921
1819514
1811215
1870863
1810696
1796692
1808103
1803954
1785800
1811734
1814846
1815365
1818995
1825738
1800842
1822107
1809140
1778539
1816921
1814846
1830925
1801879
1827813
1808103
1815883
1837668
1817439
1803954
1819514
1806028
1868269
1818995
1821589
1802916
1809140
1799286
1817439
1815883
1810696
1825219
1844410
1821070
1830406
1786319
1830406
1788393
1809659
1815365
1826775
1833518
1814327
1817439
1789949
1838705
1799286
1783207
1826257
1802398
1796173
1808622
1769721
1834037
1808103
1811215
1800842
1820551
1811734
1851153
1835074
1815883
1814846
1835074
1813290
1799804
1801360
1804472
1804991
1795655
1819514
1801360
1815365
1811734
1820033
1799804
1789949
1830406
1822626
1804472
1793580
1836630
1811215
1822626
1813808
1824701
1825738
1811734
1814846
1815883
1839224
1816921
1825219
1807066
1777501
1806028
1815883
1803435
1793061
1828331
1802916
1816402
1792024
1818477
1838705
1839742
1839742
1805510
1815365
1790987
1829887
1788393
1830925
1777501
1818477
1821589
1829369
1847522
1799286
1800323
1800842
1811734
1803954
1835074
1816921
1797211
1834037
1794099
1812771
1811734
1831962
1794099
1817439
1802398
1816921
1809659
1806547
1781651
1812252
1815365
1808622
1809140
1789949
1810696
1786319
1832481
1806547
1813290
1802398
1837149
1818995
1836630
1805510
1789431
1813290
1809140
1836112
1822107
1837149
1816402
1804991
1804472
1835074
1821589
1807584
1840780
1823145
1819514
1821070
1845448
1802398
1838705
1828850
1791505
1806547
1822626
1834556
1826257
1857377
1807584
1835593
1803954
1802916
1819514
1799286
1815883
1803435
1818995
1792024
1807584
1798248
1815883
1814327
1829887
1836630
1822107
1804472
1836630
1827813
1820551
1800842
1808103
1800323
1814846
1845966
1799804
1822626
1820033
1834556
1802398
1796692
1804991
1843373
1823663
1818995
1826257
1825219
1803435
1807584
1801360
1803435
1809659
1809140
1813290
1804991
1799804
1824182
1825738
1832999
1830406
1801879
1811215
1813808
1798767
1861527
1837668
1808622
1818995
1797211
1826775
1828850
1817439
1809659
1844410
1805510
1795655
1824182
1803435
1807066
1810178
1822107
1845966
1823145
1811734
1823663
1812771
1808622
1815883
1827813
1806028
1823663
1798767
1834037
1812252
1823663
1802916
1805510
1798248
1816402
1758310
1847004
1795655
1849597
1795655
1791505
1818995
1804991
1811215
1791505
1816921
1840780
1822626
1808622
1802398
1804991
1776464
1822626
1815883
1799286
1809659
1772833
1830925
1810696
1829369
1820551
1829369
1793580
1813290
1820551
1786319
1788912
1827294
1845966
1827294
1824182
1818995
1824701
1831962
1818477
1803435
1828331
1828331
1844929
1833518
1805510
1801879
1822626
1820033
1822107
1846485
1818995
1816402
1830406
1831962
1816402
1845448
1817958
1831443
1821589
1828331
1810696
1802398
1806547
1823145
1827813
1796173
1808103
1832999
1835593
1799286
1809659
1812252
1803954
1816921
1809140
1783725
1844410
1801879
1791505
1804991
1811215
1807584
1847522
1827294
1829887
1809140
1826775
1842854
1792024
1817439
1823145
1820551
1834556
1839742
1782688
1827294
1794099
1807066
1816921
1799804
1797730
1810696
1831443
1832481
1766090
1801360
1810696
1811734
1830406
1838186
1788393
1800323
1804991
1789431
1785800
1827813
1822107
1829369
1788393
1814846
1807066
1814846
1807584
1810178
1814327
1837149
1826775
1822107
1793580
1789431
1806547
1798767
1798248
1828331
1785281
1830925
1821070
1786319
1833518
1819514
1802916
1832481
1789949
1819514
1824701
1800842
1814327
1831443
1818477
1825738
1807584
1813808
1811215
1816402
1833518
1830925
1819514
1858415
1822107
1815365
1806028
1830406
1840261
1813808
1787875
1799286
1793580
1793580
1814846
1836630
1820551
1824182
1799804
1796173
1811215
1814846
1811215
1816921
1803435
1818995
1808622
1809659
1823663
1818995
1818995
1814327
1817439
1800842
1816921
1815883
1809659
1803435
1824701
1815883
1803954
1806547
1804472
1804991
1807584
1807066
1822626
1802398
1810178
1841298
1810696
1796173
1808103
1849597
1827813
1833518
1814327
1827813
1842336
1840261
1813290
1803435
1821070
1822107
1819514
1819514
1774389
1818477
1797730
1802916
1793061
1819514
1832481
1804991
1812252
1794617
1822626
1779057
1807584
1807066
1820033
1820551
1821070
1850116
1804991
1810178
1817958
1813808
1817958
1799804
1798248
1823145
1813808
1805510
1817958
1814327
1812252
1816402
1813290
1832481
1846485
1803954
1780613
1823145
1790468
1829369
1844929
1826257
1807584
1798767
1816402
1834037
1838186
1810696
1801360
1780613
1807066
1804991
1839224
1815365
1827294
1788912
1840261
1794617
1797211
1809140
1820033
1803954
1836112
1794617
1834556
1834556
1816921
1799286
1823145
1800842
1814846
1806028
1800842
1853747
1803954
1815883
1815365
1818995
1804991
1818995
1795136
1824182
1814846
1814327
1814846
1824701
1789949
1813808
1806028
1860489
1796692
1829369
1810178
1815883
1816921
1818995
1830406
1818477
1832481
1804991
1797730
1818995
1809140
1802916
1818477
1805510
1803435
1842336
1833518
1840261
1836630
1823145
1827294
1803954
1826257
1820551
1799804
1792024
1801879
1841298
1792024
1850634
1816921
1826775
1802916
1823663
1809140
1786837
1802398
1789949
1803435
1800323
1836112
1847522
1794617
1802398
1813290
1837149
1842854
1825738
1837149
1828850
1803954
1835593
1842854
1806547
1802916
1801879
1810178
1831443
1803435
1849078
1809659
1788393
1793580
1814846
1838186
1826775
1861527
1809659
1824701
1802398
1832999
1821070
1827813
1769721
1839742
1799804
1821070
1824182
1830406
1820551
1792543
1810178
1813290
1835593
1809659
1832999
1786319
1809140
1827813
1827813
1814327
1795136
1800323
1806028
1843373
1826775
1860489
1816402
1834037
1809659
1812771
1800842
1795655
1828331
1813808
1809140
1798767
1820551
1820033
1824701
1824701
1809659
1809659
1825219
1810696
1809659
1819514
1837668
1816402
1843373
1788393
1811215
1819514
1832999
1830406
1780095
1813808
1813808
1823145
1824701
1787875
1823145
1780613
1828331
1830925
1830925
1818477
1816921
1809659
1815883
1793061
1825738
1816921
1824701
1801360
1845448
1839742
1816921
1845966
1817439
1794099
1808622
1817958
1811215
1811215
1818477
1798767
1814846
1835074
1830406
1809140
1787356
1801879
1793580
1820551
1782688
1816921
1806547
1802916
1824701
1795655
1829887
1794617
1795655
1820551
1808622
1790468
1844410
1786837
1798767
1801879
1817958
1799286
1796692
1839224
1812252
1848560
1785800
1784763
1831962
1807584
1809140
1828850
1806547
1792024
1846485
1844410
1813290
1818477
1854265
1825219
1806547
1803954
1821070
1817439
1793580
1826775
1811734
1775945
1809659
1828850
1798767
1830406
1819514
1817958
1832999
1789431
1814327
1837149
1792543
1792024
1820551
1798767
1804472
1830406
1806028
1799804
1818477
1830925
1806028
1852190
1785800
1814846
1827813
1842336
1793580
1818995
1858933
1816402
1800842
1804472
1815883
1784244
1811734
1837668
1856340
1815365
1813808
1787875
1830925
1813808
1828331
1821589
1838705
1775945
1814846
1807066
1824182
1843892
1811215
1810696
1803435
1822107
1797211
1791505
1832999
1806028
1793580
1824182
1821589
1811215
1820551
1816402
1822626
1815365
1804991
1815883
1835074
1813808
1794617
1800842
1810696
1777501
1819514
1832481
1821589
1818995
1811215
1816921
1831962
1812771
1810178
1808103
1821070
1819514
1827294
1812252
1809140
1794099
1811215
1844929
1820551
1817439
1814846
1788912
1826775
1819514
1788912
1792024
1839224
1843892
1792024
1833518
1831443
1796173
1810178
1813290
1818995
1789949
1800323
1806547
1806028
1789949
1807066
1844410
1800323
1806028
1828850
1836630
1811734
1818995
1790987
1832999
1851672
1822107
1806547
1795136
1809140
1767128
1814846
1802916
1808103
1786837
1849078
1798248
1831443
1809140
1810178
1806547
1802398
1829369
1831443
1823663
1827813
1824182
1821070
1815883
1787356
1803435
1812771
1832481
1812771
1824182
1823145
1784763
1811734
1812252
1799286
1843373
1816921
1834556
1800842
1798248
1787356
1826257
1810696
1800842
1799286
1838705
1807066
1818995
1811215
1818995
1826257
1824701
1799804
1816921
1833518
1822626
1790468
1839224
1809140
1788393
1813290
1789949
1804991
1823145
1811215
1798248
1781132
1796692
1837668
1816402
1813290
1836112
1815365
1801879
1820551
1831962
1810178
1812252
1826775
1818995
1794099
1801360
1814327
1818995
1838705
1827294
1819514
1809659
1826257
1826257
1813808
1802916
1817439
1831443
1826775
1806028
1788393
1820033
1808103
1844929
1838705
1802398
1817439
1810696
1850116
1793580
1819514
1800323
1795136
1795136
1821070
1822626
1816402
1802398
1813290
1835074
1808103
1812771
1800323
1828850
1833518
1801879
1834037
1830925
1810696
1797211
1841298
1854784
1831962
1804472
1814846
1813808
1834037
1789431
1795136
1818995
1838186
1814327
1803435
1842336
1829369
1814327
1819514
1826257
1781651
1834556
1795655
1817958
1796173
1809140
1820551
1811215
1827813
1820033
1809659
1795136
1836112
1813808
1848041
1803435
1805510
1828850
1826775
1816921
1810696
1818477
1822107
1828331
1785800
1811734
1815365
1817439
1849597
1809659
1840261
1792024
1794099
1809659
1802398
1797730
1810178
1824701
1819514
1785800
1826775
1810178
1800842
1814846
1809659
1855821
1817439
1818477
1802916
1817439
1825738
1801360
1830925
1811734
1797211
1807584
1817439
1795136
1806547
1787875
1831962
1792024
1823145
1816402
1799804
1818477
1837149
1806547
1834556
1812771
1804991
1820551
1806547
1818995
1794617
1820551
1790987
1814846
1827813
1820551
1816921
1795655
1800323
1813808
1844410
1795655
1811215
1810178
1779057
1842336
1804991
1830406
1819514
1792543
1829369
1809140
1812252
1785281
1787356
1811734
1796173
1818477
1823145
1809659
1798767
1829887
1824701
1833518
1803954
1792024
1836630
1834037
1825219
1800842
1828850
1802398
1816921
1821070
1819514
1808103
1799286
1828331
1813290
1837668
1833518
1826775
1796173
1825738
1826775
1811734
1778539
1823145
1798767
1805510
1816921
1801879
1805510
1788912
1790987
1796173
1830406
1812771
1817439
1799804
1799804
1845448
1822626
1817958
1811215
1801360
1833518
1801360
1851672
1825219
1815883
1826775
1841298
1803954
1845966
1834037
1858415
1797211
1820033
1808103
1800323
1820033
1821589
1809140
1814846
1835593
1785800
1829369
1830406
1807066
1837149
1808103
1833518
1798767
1847522
1815883
1796692
1786319
1792024
1829369
1806028
1826257
1801879
1804472
1814327
1814846
1847004
1802398
1816402
1827813
1801879
1827294
1802398
1830406
1810696
1825219
1833518
1812771
1812771
1844929
1820033
1824701
1821589
1801879
1830925
1787356
1786319
1784244
1834037
1807584
1816921
1828850
1834556
1811215
1806547
1828850
1824701
1789949
1820033
1841298
1828850
1799804
1784763
1800323
1820551
1811734
1825738
1806547
1823145
1802916
1838705
1816402
1827294
1806028
1839224
1810696
1822626
1818477
1819514
1823145
1810178
1822626
1824701
1828331
1838705
1833518
1802398
1830925
1790468
1827294
1810178
1818477
1820033
1802398
1808103
1811734
1818995
1806028
1821589
1820033
1803435
1825738
1830406
1840261
1824701
1832481
1802916
1802398
1823663
1814846
1851153
1800323
1816921
1818477
1815883
1811734
1812252
1813808
1826257
1829887
1833518
1798248
1827813
1814327
1816402
1774908
1834037
1837668
1824182
1817958
1792543
1791505
1819514
1821589
1817439
1795136
1834037
1797730
1814846
1793580
1792543
1813808
1792543
1835593
1800842
1822107
1812771
1817439
1799804
1805510
1830925
1782169
1785800
1789949
1801360
1809659
1820551
1843892
1816402
1815365
1797730
1825738
1809140
1821589
1802398
1824182
1819514
1809659
1796692
1807066
1817958
1831962
1839742
1825219
1815365
1813808
1815883
1791505
1806547
1819514
1819514
1815365
1798767
1803435
1816402
1817439
1833518
1817439
1850634
1822107
1812252
1844410
1831443
1795655
1818995
1828331
1823663
1815883
1831962
1813290
1798767
1783725
1812252
1851672
1800323
1806028
1820033
1800842
1827813
1822107
1773352
1809140
1789431
1813290
1823145
1814846
1836112
1838705
1817439
1806028
1820551
1796692
1807066
1800323
1836630
1782169
1805510
1830925
1802916
1830406
1780095
1812771
1815883
1825219
1800323
1824701
1805510
1820551
1790987
1793580
1797211
1805510
1840261
1809140
1825738
1844929
1825219
1838705
1836112
1816921
1844929
1793580
1794099
1803435
1795655
1845448
1795655
1806028
1805510
1821589
1819514
1812252
1828331
1818477
1823145
1828331
1799286
1821070
1801360
1800323
1797730
1805510
1817958
1807584
1843373
1793061
1811734
1802398
1830925
1788912
1809659
1842854
1823145
1837149
1819514
1791505
1829887
1815883
1831443
1807066
1838705
1822626
1822626
1799804
1810178
1825219
1857896
1825219
1812252
1799286
1831962
1834556
1826775
1827294
1795136
1854265
1817439
1790987
1823663
1812771
1841298
1821070
1821070
1809659
1813808
1852709
1842854
1797211
1806547
1798248
1825219
1807584
1802398
1814846
1816402
1824182
1810696
1831443
1813808
1799804
1842854
1839224
1817439
1772314
1806547
1792543
1793061
1838186
1828850
1810696
1812771
1812771
1826257
1799286
1817439
1802916
1809140
1796173
1802398
1817958
1816402
1806028
1820551
1811215
1818477
1818995
1817958
1819514
1827294
1830925
1836630
1838186
1795136
1834556
1826775
1814846
1790468
1807584
1808103
1813808
1837149
1806547
1785281
1817439
1824182
1838186
1816921
1830925
1808103
1835593
1818477
1821589
1845448
1810178
1820033
1826775
1800842
1828331
1792543
1820551
1813290
1801360
1841298
1819514
1818477
1815365
1837149
1799804
1807066
1800323
1808622
1793061
1782688
1806547
1810178
1816921
1823663
1803435
1792024
1839224
1838186
1803435
1814846
1806028
1829369
1826775
1821589
1826257
1810178
1792543
1802398
1819514
1822107
1820033
1811734
1816921
1832999
1806028
1818995
1808622
1841817
1821070
1829887
1797730
1798767
1826775
1802398
1831443
1843373
1796173
1792543
1831443
1810178
1847522
1840780
1796173
1829887
1818995
1809659
1811215
1802916
1809659
1798767
1815365
1825219
1846485
1800323
1824182
1832999
1821070
1798767
1826775
1797730
1831962
1831443
1793061
1825219
1824182
1781132
1831962
1824182
1813808
1804991
1811734
1816402
1798767
1831962
1770758
1806028
1804991
1820033
1814327
1819514
1784763
1824701
1809659
1812252
1804472
1780095
1796692
1829887
1806547
1836112
1800323
1820033
1810178
1828850
1843373
1784763
1818477
1790987
1801879
1837149
1804991
1810696
1843373
1796173
1832481
1823145
1838705
1808103
1851672
1813808
1817958
1814846
1820551
1814846
1819514
1802916
1820033
1827294
1817958
1818477
1822626
1816402
1802916
1819514
1808622
1824701
1796692
1833518
1829369
1825738
1810178
1836112
1806547
1828331
1799804
1808103
1785281
1828331
1823145
1825738
1821070
1832999
1821070
1817439
1825219
1820551
1831962
1836112
1808103
1818995
1821070
1814846
1807066
1793580
1780095
1785800
1784244
1827813
1806547
1813808
1808622
1815365
1864639
1824701
1789431
1808103
1814846
1818477
1823663
1819514
1801360
1803954
1810178
1819514
1777501
1827294
1820551
1818995
1812252
1818995
1821070
1815883
1815365
1794099
1786837
1827813
1792543
1818477
1810696
1793061
1812771
1795136
1787356
1803435
1821070
1806547
1818477
1823663
1811215
1815883
1795136
1815365
1780613
1795136
1836112
1822107
1838186
1812252
1798767
1829887
1790468
1793061
1803435
1834556
1807584
1814846
1854784
1844410
1835074
1795136
1824701
1840261
1839224
1815883
1830925
1830406
1808103
1789431
1835593
1798767
1818477
1820033
1817439
1800323
1812252
1820551
1818995
1829369
1797730
1818477
1808103
1816921
1848041
1836630
1847004
1814327
1820551
1821070
1811734
1807066
1813808
1810696
1829887
1819514
1808622
1837668
1787356
1831962
1812252
1833518
1824701
1823145
1788912
1799804
1828850
1808103
1814846
1809659
1792024
1825219
1774389
1824182
1792024
1808103
1800842
1796173
1845448
1826257
1806547
1808622
1871900
1818477
1839742
1839742
1817439
1843892
1813808
1809140
1813290
1803954
1809659
1810178
1827813
1823663
1765053
1816402
1784244
1795136
1837149
1813808
1839224
1803435
1805510
1773870
1857377
1818995
1789431
1827813
1843892
1790987
1828850
1821589
1821070
1809659
1829887
1818477
1808103
1823663
1786837
1801360
1788912
1817439
1821070
1820551
1824701
1804991
1811734
1829369
1787875
1804991
1812771
1807066
1778020
1806028
1812252
1811215
1808622
1802916
1813808
1830925
1808103
1781651
1822107
1818477
1804991
1795136
1807066
1820551
1806028
1836630
1824701
1836112
1843892
1805510
1821070
1815365
1829887
1792024
1833518
1809140
1824701
1837149
1816402
1823145
1807584
1774908
1787356
1818477
1816921
1815365
1820033
1833518
1821589
1832999
1826775
1819514
1822626
1836112
1816921
1786319
1813808
1787356
1797730
1788912
1811734
1812252
1818995
1766090
1795655
1816921
1814846
1782688
1806547
1818477
1831962
1820033
1821589
1825738
1797730
1826775
1799804
1849597
1792543
1806547
1784244
1822107
1809659
1850116
1798248
1831443
1823663
1789949
1794099
1790987
1830406
1828850
1815883
1800323
1830925
1792024
1799804
1821589
1826257
1826257
1815883
1795136
1812252
1789949
1819514
1818477
1816921
1800323
1810178
1824701
1830406
1849597
1793580
1803435
1817958
1793061
1806547
1804472
1799804
1835074
1819514
1793580
1833518
1818995
1840780
1809140
1823145
1839224
1835593
1815883
1803435
1844410
1796692
1834556
1832999
1814327
1828850
1806547
1819514
1800323
1815883
1804472
1836112
1813808
1799804
1802398
1816921
1812771
1832481
1803435
1822626
1821070
1850116
1841817
1809659
1811734
1831443
1799804
1821070
1792024
1814846
1821589
1794099
1822107
1831443
1797730
1828331
1799804
1800323
1821589
1788393
1814327
1821070
1796692
1800842
1831443
1811734
1818995
1844410
1795136
1849078
1816402
1807584
1796692
1804991
1799286
1836630
1827294
1829887
1812771
1809659
1853228
1795655
1836112
1824182
1815883
1793580
1812252
1818477
1824182
1844410
1812252
1785800
1804991
1811215
1809659
1803435
1830925
1808622
1809140
1809140
1804472
1799286
1843892
1831443
1776982
1815365
1802916
1805510
1783725
1824182
1816402
1828850
1814846
1807584
1841817
1821070
1814327
1818995
1841817
1825219
1810696
1826257
1811215
1817958
1810178
1837149
1809140
1829369
1809659
1807584
1789949
1815365
1829369
1814846
1823145
1809140
1812771
1816402
1810178
1829887
1816402
1815365
1821589
1809659
1818477
1810178
1800842
1824182
1821589
1829369
1839224
1836112
1809140
1814846
1837149
1841817
1808622
1839224
1811734
1814846
1812771
1809659
1821070
1821070
1803954
1809659
1806028
1810178
1821589
1786319
1827813
1828331
1829887
1792024
1826775
1797211
1809140
1813808
1801879
1832999
1820551
1809659
1804991
1820033
1823145
1825219
1816921
1809659
1830406
1801360
1827813
1815883
1788912
1810696
1795136
1827813
1814846
1831962
1817958
1802398
1809140
1817958
1792024
1838705
1810696
1807584
1828850
1811215
1803954
1808103
1809659
1822626
1771277
1818477
1812771
1835593
1789431
1824701
1835593
1787875
1821070
1814327
1820033
1800842
1829887
1828331
1811215
1827294
1794099
1818477
1801879
1780095
1831962
1795136
1825219
1812252
1804472
1826775
1859452
1818995
1785800
1821070
1841817
1829369
1797211
1804991
1776982
1806547
1820033
1809659
1796173
1832999
1826775
1806028
1802398
1815883
1841817
1839742
1809140
1809140
1831962
1810696
1833518
1776982
1809659
1793580
1801360
1804472
1810696
1804472
1804991
1840261
1799286
1806547
1804472
1824182
1825219
1822626
1822107
1812771
1788912
1837668
1814327
1818477
1825219
1822107
1803435
1803435
1836112
1795655
1803435
1849597
1803435
1773352
1793580
1840780
1827294
1843892
1825219
1796692
1805510
1841817
1812252
1826775
1813808
1793580
1844410
1816921
1829887
1826257
1817958
1790987
1809659
1800323
1790987
1811734
1801360
1824701
1852709
1826257
1852190
1799286
1822626
1831962
1817439
1826775
1804472
1802398
1821589
1825738
1808103
1824182
1817958
1806028
1809659
1813808
1810178
1792024
1820551
1823145
1811215
1839224
1820551
1832999
1816921
1830406
1806547
1831962
1800323
1830925
1823145
1803954
1820551
1815883
1837668
1793061
1790468
1817439
1801360
1832481
1819514
1794099
1818995
1810178
1804472
1796692
1811734
1809659
1785281
1803435
1820033
1815365
1804991
1816402
1820551
1826775
1793580
1799804
1809659
1839224
1817958
1816921
1821070
1813808
1814327
1813290
1831443
1859971
1824701
1808622
1814327
1782169
1807584
1804991
1832999
1830406
1824182
1807066
1812771
1826257
1817958
1828331
1823145
1827294
1806547
1822626
1807584
1824701
1814327
1841298
1850116
1809140
1807584
1809659
1819514
1813808
1818477
1806547
1818995
1790468
1837149
1838186
1827813
1803954
1803435
1804991
1815883
1835074
1813808
1794099
1832999
1812771
1790987
1799804
1811215
1818477
1793580
1807584
1817958
1774389
1818477
1809140
1816402
1815883
1800323
1829369
1818477
1792543
1832481
1773352
1825738
1801360
1811734
1817439
1802398
1818995
1808103
1825738
1821589
1802398
1799804
1757273
1803435
1783725
1810696
1816921
1835074
1814846
1819514
1835074
1825738
1824701
1838705
1814327
1797730
1811734
1792543
1823145
1804472
1797211
1822626
1807066
1792024
1808622
1801879
1830925
1811734
1815883
1823663
1802398
1823145
1859452
1830406
1789431
1840261
1829887
1813290
1806028
1816402
1812771
1808622
1820551
1801879
1827294
1818477
1787356
1802398
1816402
1813808
1801879
1815365
1817439
1830925
1808103
1816921
1851672
1808103
1818477
1827294
1826257
1794099
1831962
1806547
1816402
1804472
1801879
1804991
1817439
1830925
1809140
1807066
1798767
1812771
1827294
1823145
1814846
1813808
1813290
1802916
1812252
1808103
1845448
1806028
1817439
1847004
1796173
1839224
1815365
1811734
1841298
1803954
1810178
1819514
1828850
1790987
1839224
1853228
1829369
1809659
1839742
1829887
1822626
1834037
1820033
1805510
1822626
1834037
1815883
1813808
1798248
1803435
1807066
1829369
1831443
1820033
1825219
1800842
1829369
1788912
1790468
1820551
1821070
1807584
1816921
1787356
1834556
1778539
1835074
1812771
1832999
1813290
1831443
1825219
1828850
1832481
1796173
1811215
1821070
1817958
1790987
1811215
1819514
1807584
1799286
1820033
1809659
1791505
1853747
1806028
1842854
1816921
1811734
1799804
1802398
1808103
1800842
1819514
1826257
1838186
1831443
1832481
1827813
1835074
1822107
1810696
1812771
1826257
1840780
1821589
1809140
1819514
1832999
1816402
1811734
1812771
1828850
1799286
1799804
1809140
1817958
1811734
1829887
1837149
1839742
1807584
1828331
1828850
1841298
1805510
1817958
1801360
1800842
1817439
1824182
1802916
1824701
1815365
1807066
1793580
1838705
1807066
1796173
1813290
1808103
1846485
1847004
1807066
1815365
1800842
1825219
1795655
1849597
1779057
1824182
1811215
1828331
1811734
1818995
1828331
1811734
1825738
1795655
1809140
1824182
1779057
1816402
1820551
1803435
1816921
1816402
1842854
1802398
1839224
1839742
1788912
1824701
1816402
1801879
1800323
1818477
1807584
1814327
1840261
1809659
1801360
1797211
1811734
1834556
1802398
1828850
1784244
1853747
1811734
1786837
1832999
1811215
1830925
1829887
1839224
1833518
1797211
1807066
1803435
1810178
1829369
1830925
1818995
1807066
1802916
1788912
1840780
1838705
1813290
1794617
1803435
1804991
1812252
1784763
1822626
1796692
1811734
1799286
1814327
1794099
1799286
1809140
1830406
1799286
1799804
1792024
1809659
1810178
1817439
1807066
1832999
1809140
1799286
1793580
1803954
1837149
1813290
1819514
1814327
1826257
1837149
1824182
1787875
1792543
1832999
1822626
1804991
1795136
1818995
1800842
1843892
1793580
1820033
1804991
1817439
1807066
1810178
1815883
1797730
1806028
1807066
1806028
1821070
1820551
1793061
1802916
1810696
1812252
1806547
1831962
1852190
1828331
1826775
1794099
1827813
1823663
1811734
1807066
1802916
1820033
1815883
1836112
1800323
1826775
1790987
1836630
1834037
1788393
1788393
1818477
1815883
1818477
1826257
1801360
1802398
1826775
1830925
1787875
1824701
1836112
1829887
1813808
1821070
1814327
1829887
1831443
1809659
1872419
1796173
1831962
1813808
1809140
1808622
1817439
1830406
1801879
1823663
1775945
1815883
1813290
1795136
1826775
1812771
1812771
1830406
1814846
1818477
1848041
1814846
1808103
1795655
1817439
1810178
1824182
1820033
1793061
1845966
1804472
1825219
1816921
1804991
1775945
1806028
1802916
1814327
1820033
1836630
1802398
1814327
1844929
1845966
1809659
1837149
1799804
1816402
1809140
1787875
1827813
1789431
1832999
1790987
1844929
1795136
1786319
1813808
1831443
1779057
1803954
1825738
1815883
1843892
1822626
1858933
1836112
1828850
1851153
1827813
1830406
1821589
1813808
1812771
1811215
1805510
1817439
1831443
1856859
1782169
1811734
1798767
1815365
1850116
1849597
1798767
1801879
1789431
1795655
1822626
1803954
1826257
1825219
1832999
1795136
1832481
1810696
1816402
1829369
1795655
1808103
1823663
1825219
1838186
1824701
1822107
1814327
1821589
1799804
1792543
1826257
1810696
1828850
1830406
1811215
1821589
1816402
1790468
1783207
1814846
1818995
1789431
1803435
1841298
1821070
1837149
1800842
1799286
1816921
1833518
1815883
1803954
1828850
1824701
1830925
1829369
1811734
1801360
1823145
1848041
1854265
1844410
1839224
1840261
1796173
1809659
1808622
1812252
1801879
1798767
1828850
1798248
1795136
1813808
1840261
1811734
1794099
1829369
1829369
1817439
1799804
1846485
1838705
1794617
1794617
1817958
1805510
1813290
1818477
1823663
1818995
1815883
1817958
1799286
1812771
1809140
1816921
1838186
1803954
1797211
1808622
1821070
1827813
1816402
1836112
1825219
1810696
1817958
1820551
1832999
1839742
1809659
1787356
1800323
1815365
1802398
1824701
1802916
1809140
1826257
1808103
1803435
1811734
1825738
1814846
1842336
1841817
1835593
1812771
1817439
1783725
1822626
1820033
1828850
1806028
1845966
1824182
1790987
1797730
1820033
1776982
1839224
1794617
1866195
1817439
1809140
1820033
1807584
1815365
1816921
1806028
1808622
1817958
1800323
1798767
1817439
1810178
1813808
1815883
1793061
1826257
1810178
1843373
1796692
1819514
1790987
1796692
1810178
1828331
1825738
1818995
1812252
1782688
1797211
1830925
1823663
1804991
1813808
1810696
1815883
1829887
1820033
1815365
1795655
1811734
1844410
1837149
1819514
1804991
1820033
1827294
1822107
1812771
1818995
1820551
1828850
1831962
1851153
1816921
1834556
1778020
1821070
1804472
1824182
1825219
1827294
1812771
1812252
1813808
1811215
1842854
1803435
1808622
1812252
1807066
1824701
1803954
1834037
1792543
1851672
1818995
1813290
1809140
1824701
1843373
1813808
1804991
1822626
1816402
1828850
1790987
1807066
1799286
1802916
1794617
1787875
1815365
1819514
1809659
1841298
1835074
1834556
1818477
1808622
1829887
1816921
1818995
1797211
1827813
1799286
1825738
1829887
1818995
1807066
1818477
1801879
1800323
1798767
1845448
1832481
1809659
1830406
1798767
1827813
1794099
1848041
1823145
1831962
1822626
1829887
1786837
1822626
1826775
1826775
1828331
1820551
1802916
1820551
1807584
1817439
1774389
1816921
1799804
1811215
1785281
1834556
1831443
1832481
1832999
1800323
1811215
1794099
1803954
1816921
1856859
1818995
1801879
1796692
1820551
1782169
1803954
1824701
1804991
1824701
1840261
1809140
1836630
1824182
1810696
1794617
1818477
1834556
1813290
1798767
1802916
1828850
1808622
1829887
1809140
1820551
1812771
1815365
1785800
1824701
1813290
1816921
1797211
1832999
1808622
1801879
1805510
1817439
1823663
1831962
1800842
1820033
1784244
1787356
1814327
1801360
1814327
1776464
1804472
1807066
1809659
1809659
1802398
1812771
1817958
1806028
1810696
1816402
1795655
1835593
1786837
1839742
1798767
1842336
1818477
1805510
1793061
1802916
1808622
1823663
1804991
1802398
1812771
1822107
1802398
1837149
1801360
1813808
1802398
1803954
1813808
1843892
1815883
1804991
1793580
1794617
1830406
1813808
1828850
1829887
1807584
1811215
1821589
1812771
1820551
1827294
1814846
1794617
1838186
1812252
1809659
1811734
1826257
1828850
1808103
1816402
1814327
1816402
1839742
1826257
1824701
1813290
1836112
1815365
1817958
1817439
1811215
1834037
1824701
1797730
1802916
1832481
1815883
1778539
1814327
1837668
1791505
1829369
1831443
1795136
1830925
1795136
1822626
1785281
1844929
1823663
1813290
1804472
1824701
1793580
1821589
1818995
1818477
1817958
1823145
1803435
1845448
1814846
1803954
1786319
1824182
1820551
1826775
1809659
1810696
1805510
1823145
1828850
1825738
1837668
1806547
1816921
1821070
1802398
1805510
1832999
1795136
1795136
1824182
1803954
1831962
1776982
1839224
1803435
1810696
1800842
1803435
1843373
1823663
1826257
1809140
1828850
1804991
1797730
1813290
1837668
1826257
1802916
1822626
1800842
1812771
1790987
1808622
1828331
1829887
1823663
1824182
1827813
1825219
1838186
1808622
1832999
1820033
1837149
1817958
1835074
1830925
1817958
1820033
1829887
1792543
1840780
1856340
1817958
1801360
1820033
1836112
1844410
1830925
1814327
1820551
1818477
1788393
1812252
1811734
1812771
1825219
1779576
1785281
1817439
1830406
1797211
1816402
1808622
1817958
1814846
1815883
1781132
1827813
1814846
1785281
1834556
1809659
1805510
1807066
1799804
1828850
1775426
1816402
1817439
1810696
1841298
1825738
1838186
1808103
1830406
1798767
1792543
1809140
1827813
1825219
1802916
1843892
1811215
1811215
1823663
1796173
1821070
1811734
1789431
1829887
1804991
1810178
1772833
1803435
1811215
1792543
1802916
1803435
1775426
1847522
1829887
1800323
1812771
1813808
1811734
1834556
1828850
1818477
1830925
1837668
1823663
1819514
1808103
1825219
1813808
1801360
1841298
1802916
1790987
1785800
1840780
1825738
1806547
1834556
1835593
1786837
1828331
1801879
1825219
1826775
1827294
1841298
1825738
1799286
1819514
1842854
1816921
1833518
1831443
1797730
1813290
1803954
1816402
1781132
1832999
1811215
1825219
1838186
1830406
1807066
1803954
1813808
1807066
1835593
1794617
1798767
1796173
1834556
1826775
1800323
1795136
1788912
1806547
1809659
1808622
1801879
1812252
1827813
1816921
1820033
1807584
1853228
1819514
1803435
1813808
1790987
1824701
1825219
1803435
1802916
1829887
1811215
1823663
1773352
1831962
1800323
1819514
1813808
1832999
1824701
1797730
1804472
1829369
1824701
1837668
1823145
1811215
1801879
1821070
1793061
1812771
1816921
1805510
1815365
1802916
1827294
1781132
1820551
1839224
1815365
1824701
1830406
1814846
1837149
1812771
1804991
1811734
1821589
1839224
1785281
1815883
1797730
1813808
1822626
1829887
1797211
1798248
1797211
1852709
1823663
1817439
1802398
1827294
1815883
1829369
1799286
1804472
1812771
1810178
1841817
1815883
1799804
1823663
1817958
1835074
1809140
1797730
1829369
1805510
1814327
1814846
1838186
1837668
1785800
1819514
1814846
1818995
1798767
1778020
1861008
1830406
1815365
1810178
1815365
1842854
1818477
1835074
1789431
1810178
1793061
1831962
1809140
1826257
1809659
1823663
1835074
1809659
1823145
1830925
1816402
1803435
1816402
1796173
1792024
1803435
1823663
1801879
1823663
1801360
1830406
1825219
1799286
1793061
1858933
1809659
1814846
1823663
1827813
1798767
1784763
1793061
1818477
1823663
1801360
1819514
1828850
1807066
1793580
1812252
1846485
1804991
1784244
1802398
1809140
1816402
1805510
1849597
1828331
1816402
1847004
1819514
1849078
1818477
1823145
1852190
1820033
1804991
1820551
1819514
1802916
1821589
1806547
1758829
1812771
1801879
1829369
1809659
1815883
1793061
1801879
1831443
1814327
1818477
1815883
1821070
1813808
1803954
1827294
1801360
1821589
1853747
1811215
1802916
1858933
1808622
1829369
1823145
1813290
1821070
1808622
1810178
1832481
1835593
1797211
1811215
1779057
1813290
1799286
1812771
1806028
1818477
1804472
1853228
1808103
1815365
1840780
1818477
1816921
1792543
1798248
1793580
1826257
1786837
1810178
1813808
1829887
1813808
1828850
1814846
1817958
1847004
1823663
1837668
1794099
1772314
1823145
1797730
1841817
1813808
1825738
1796173
1808622
1803954
1798767
1805510
1812771
1799286
1826257
1824701
1830925
1799804
1776982
1837668
1787356
1827294
1780613
1856340
1796173
1810178
1826257
1798767
1821070
1814846
1824701
1830925
1832999
1846485
1794617
1818995
1799804
1790468
1790468
1818477
1829369
1821589
1818477
1818995
1821589
1840261
1827813
1804472
1801879
1812771
1829887
1832481
1823145
1835593
1832999
1837668
1854265
1822626
1824701
1821070
1818477
1814846
1804472
1811215
1821589
1804991
1833518
1800842
1824701
1826775
1802398
1793580
1826775
1821589
1824701
1812771
1815883
1808622
1833518
1819514
1805510
1825219
1799804
1786319
1793061
1823663
1818477
1806547
1807066
1809140
1811734
1809140
1841298
1821589
1836630
1815365
1795136
1815365
1799286
1815883
1829887
1804991
1798248
1808622
1847522
1851153
1804991
1817439
1825219
1822107
1801360
1812252
1808103
1837149
1784763
1849078
1807066
1829369
1833518
1801879
1768684
1824701
1835593
1829369
1814846
1809140
1780095
1815365
1812771
1793580
1823145
1813290
1789949
1796692
1817439
1822107
1795655
1788912
1833518
1829887
1820551
1831443
1810178
1811734
1825219
1843373
1836630
1796692
1807066
1800323
1818477
1805510
1798767
1809140
1820033
1785800
1801879
1824701
1801360
1799804
1827294
1809659
1817439
1841298
1806028
1826257
1817439
1828331
1827294
1820033
1808103
1806028
1834556
1788393
1813290
1835074
1822626
1808103
1839742
1820551
1793061
1823663
1823663
1820551
1797211
1817439
1816402
1810696
1790468
1813290
1827294
1792024
1835593
1777501
1816921
1827813
1843892
1829887
1830925
1813808
1788393
1812771
1813808
1801360
1813808
1824701
1791505
1817958
1830925
1828850
1793580
1797211
1791505
1832481
1826775
1844929
1804472
1801360
1840780
1813290
1827294
1817958
1803435
1822107
1815883
1833518
1787356
1823145
1816402
1832999
1826257
1818477
1826775
1806547
1820033
1830925
1804472
1822626
1808622
1825738
1803435
1820033
1820033
1800323
1832481
1855821
1827813
1815365
1805510
1802916
1817439
1821589
1821070
1804472
1823145
1821589
1814327
1769721
1833518
1830406
1814846
1822626
1818477
1799804
1809140
1802916
1758310
1820551
1820551
1793580
1810178
1847522
1820551
1832481
1809140
1808622
1822107
1816921
1828331
1815365
1825738
1833518
1830925
1817958
1815883
1830406
1820033
1826775
1835074
1822107
1850634
1793061
1791505
1805510
1806547
1776982
1816921
1825219
1824182
1836630
1829369
1822107
1827813
1799286
1807584
1836112
1799286
1827294
1789949
1799286
1850634
1835074
1816402
1817958
1806028
1815365
1827294
1799286
1784244
1805510
1830925
1831443
1807584
1834556
1795655
1805510
1793580
1817958
1832999
1826257
1836630
1830925
1825219
1812252
1822107
1855303
1815365
1817958
1824701
1799804
1826257
1821070
1830925
1812771
1809659
1813290
1809659
1792024
1800842
1823145
1825738
1816921
1786319
1813290
1811734
1803435
1804991
1800323
1801879
1808622
1822626
1816921
1832999
1836112
1816921
1806547
1803435
1814846
1804472
1843892
1812252
1791505
1822107
1815365
1801879
1840261
1809659
1805510
1836112
1811215
1846485
1828850
1837668
1820551
1824182
1825738
1811215
1823145
1815365
1824701
1826775
1815365
1825738
1802398
1815365
1813290
1824182
1829887
1816921
1806028
1803954
1787356
1817439
1814846
1778539
1844410
1813290
1808103
1817439
1802398
1828850
1819514
1830406
1796692
1790987
1816921
1812252
1840261
1804472
1818477
1830406
1816402
1799804
1798248
1839742
1784763
1812771
1807584
1822626
1822626
1820551
1806028
1815883
1824701
1843892
1838705
1821070
1841298
1799286
1798248
1813808
1793580
1806028
1798767
1826257
1803435
1797730
1817958
1798248
1795136
1828850
1811734
1804991
1835074
1827294
1790468
1787875
1847004
1823663
1813290
1806028
1803954
1819514
1842336
1782688
1802916
1827813
1823663
1803435
1817958
1837149
1797730
1814846
1820033
1830406
1820551
1810696
1835074
1817439
1838186
1807584
1795655
1798767
1815365
1816402
1783207
1825738
1811215
1806547
1816402
1847004
1776464
1810696
1811734
1832481
1801879
1832999
1830925
1808622
1795136
1803954
1826257
1822107
1778539
1835593
1809140
1835593
1811734
1799804
1801879
1833518
1811734
1849597
1782169
1808103
1811215
1809140
1822626
1824701
1826257
1800842
1797730
1808622
1829887
1813290
1822626
1821589
1828331
1831443
1810178
1827813
1861527
1826775
1807066
1828331
1792024
1807066
1804991
1818477
1810696
1799286
1814327
1806028
1828850
1808622
1830406
1814327
1806547
1845966
1843373
1787356
1803954
1818995
1816402
1804991
1816921
1827813
1799286
1824182
1812771
1806028
1811215
1775426
1846485
1821589
1794617
1814846
1828331
1817439
1812252
1814327
1824701
1786319
1825219
1808622
1815883
1822107
1830406
1799804
1813808
1828850
1810696
1814327
1816921
1792024
1840780
1823145
1804472
1809140
1831962
1811734
1800323
1786319
1838186
1824182
1843373
1816402
1815883
1813808
1790987
1823663
1815365
1798248
1807066
1824701
1841298
1824182
1814327
1833518
1815365
1807066
1830406
1797730
1806028
1834037
1814327
1828850
1788912
1822107
1806028
1823145
1831962
1847522
1815365
1831962
1841817
1825738
1805510
1787875
1836112
1802398
1824701
1809659
1817958
1812771
1798248
1833518
1789949
1841298
1810178
1834556
1814327
1803954
1811215
1811215
1809140
1823663
1800842
1812771
1851153
1812252
1802398
1796173
1831962
1825219
1807066
1796173
1790468
1799286
1834556
1850634
1821589
1831962
1824182
1835593
1810178
1840780
1824701
1802916
1796173
1795655
1822626
1811734
1815883
1834037
1818995
1809140
1846485
1806547
1829369
1837149
1803435
1816402
1815883
1804472
1826257
1787356
1826257
1810178
1840780
1818477
1842854
1811734
1816921
1809140
1819514
1809140
1817958
1800842
1823145
1797211
1819514
1827294
1817958
1798767
1813808
1811215
1791505
1807066
1806547
1805510
1818477
1832481
1835074
1827813
1825219
1818477
1834037
1815365
1816921
1797730
1820551
1803954
1840780
1806028
1823145
1816921
1814846
1830406
1815883
1822107
1836630
1813808
1843892
1839224
1782169
1829369
1794617
1809659
1838186
1828331
1837149
1790987
1826257
1826257
1799286
1791505
1820033
1806028
1810696
1834037
1830925
1821070
1812252
1811215
1817958
1819514
1782688
1845448
1800842
1822626
1816402
1835593
1803954
1805510
1812771
1826257
1822107
1807066
1793580
1803435
1845966
1826257
1848560
1810696
1809140
1817958
1799286
1827813
1825219
1794617
1795655
1842854
1809659
1845448
1809659
1807066
1820033
1816402
1811734
1848041
1806028
1817958
1813290
1796173
1825219
1808103
1812771
1821070
1799286
1793061
1806547
1815883
1822107
1828850
1832999
1840261
1812771
1837668
1805510
1839224
1812771
1815883
1828850
1828331
1779576
1804472
1834037
1822626
1806028
1794617
1799804
1826257
1837668
1826775
1824182
1808622
1827813
1816921
1812771
1811215
1811215
1824182
1822107
1837149
1813290
1834037
1809140
1796692
1827294
1815883
1791505
1820551
1815883
1831443
1821070
1828331
1827813
1811734
1815883
1814846
1810178
1825738
1830925
1808622
1816921
1816921
1810178
1848041
1794617
1817439
1802916
1804472
1814846
1797211
1804991
1836630
1818477
1786837
1796692
1815365
1800842
1817439
1837668
1800323
1816402
1806028
1809140
1803954
1814846
1795655
1827813
1819514
1850634
1845448
1828331
1825219
1814846
1830925
1835593
1836112
1776982
1844929
1795655
1845966
1811734
1813290
1841298
1790468
1810178
1827294
1841817
1825738
1820033
1819514
1830925
1824701
1844410
1823145
1785281
1793061
1796692
1781651
1810178
1826257
1829887
1843373
1810696
1825738
1799286
1819514
1815883
1812252
1815883
1816921
1851153
1821589
1817439
1841298
1802916
1812771
1812771
1798767
1800323
1831962
1808622
1808622
1829887
1847522
1841298
1829369
1834037
1802398
1827813
1817439
1809659
1815883
1804472
1832999
1801879
1809659
1817958
1821589
1836630
1845966
1817439
1807066
1821589
1845966
1829887
1810696
1832999
1812771
1813808
1859971
1804991
1805510
1834037
1810696
1827294
1836112
1812771
1825219
1800842
1827294
1815365
1847522
1820033
1805510
1824182
1828331
1789949
1809140
1806547
1827813
1826257
1841817
1797730
1807584
1826257
1806028
1814327
1817958
1826775
1825738
1807066
1806547
1814846
1801879
1808622
1792024
1806028
1835593
1807066
1822626
1810696
1824701
1806028
1789431
1805510
1824182
1786319
1808103
1822626
1794099
1806547
1807066
1807584
1808103
1808622
1832481
1817958
1811734
1826775
1797211
1836630
1853747
1830925
1820551
1788393
1784763
1833518
1810178
1826257
1817958
1814846
1818995
1819514
1821589
1839742
1808622
1816402
1820033
1832481
1815365
1835593
1809140
1805510
1773870
1833518
1833518
1806028
1818995
1805510
1797730
1808103
1827294
1810696
1817958
1811734
1780613
1806028
1806028
1794099
1811734
1843892
1776982
1818477
1787356
1812771
1808103
1810178
1831443
1815365
1812771
1839742
1800842
1813808
1812252
1818995
1829369
1838705
1840780
1800842
1822626
1764534
1817439
1830925
1809140
1803954
1781132
1780095
1787875
1782169
1814327
1812252
1834037
1814327
1780095
1813290
1808622
1815883
1810178
1838186
1808103
1873456
1820551
1788912
1828331
1813290
1814327
1829887
1800842
1842336
1831443
1835593
1818477
1809659
1818995
1805510
1823145
1858933
1804991
1797730
1811215
1821070
1801879
1830925
1799804
1823145
1806547
1838705
1811215
1834556
1807584
1792024
1795136
1822626
1796692
1816921
1824701
1827813
1811215
1801360
1814327
1827294
1799286
1842854
1794099
1782169
1796692
1809659
1821589
1818995
1808103
1828331
1781651
1823145
1802916
1815365
1762978
1839224
1796692
1813290
1816921
1824701
1797730
1814327
1769721
1811734
1800842
1832999
1788393
1819514
1801879
1826257
1809140
1792543
1787875
1815883
1803954
1787356
1789949
1848041
1813290
1836112
1818995
1828331
1826257
1841298
1821070
1810178
1830925
1790468
1817439
1847004
1816921
1798767
1811215
1811734
1800323
1819514
1791505
1847004
1812252
1814327
1822626
1816921
1831443
1831443
1832999
1803954
1810178
1793580
1810696
1823145
1823145
1841817
1826775
1821070
1831443
1795655
1824701
1832999
1792024
1805510
1806028
1813290
1796692
1802398
1839224
1835593
1868269
1795136
1837149
1834037
1810696
1779057
1837668
1813808
1839742
1804991
1837149
1828850
1809140
1811215
1796692
1808622
1828850
1789949
1820033
1822626
1845448
1818995
1819514
1842854
1804472
1839742
1810178
1797211
1814327
1804991
1832481
1833518
1816921
1833518
1793580
1821070
1808622
1811734
1807584
1839742
1796173
1816402
1825738
1789949
1826257
1829369
1843373
1813808
1802916
1797730
1804991
1822107
1826775
1815365
1798248
1816402
1823145
1835593
1804991
1859452
1811215
1829887
1807584
1803435
1828850
1788393
1801360
1826257
1816402
1842854
1806547
1818995
1817958
1792543
1817439
1799804
1824182
1843373
1824701
1827813
1794617
1838186
1802398
1834556
1821070
1818477
1821070
1804472
1815883
1823145
1812771
1819514
1839224
1811215
1803435
1809140
1823145
1824182
1829887
1819514
1817958
1828850
1792543
1847522
1788912
1824182
1826775
1808622
1843373
1826257
1834037
1809140
1834037
1813290
1807066
1814327
1842854
1810178
1836112
1819514
1845966
1802398
1814327
1825738
1818995
1823663
1822107
1841817
1811215
1830406
1802916
1813290
1785800
1805510
1816402
1814327
1828331
1821070
1788912
1808622
1816402
1828331
1777501
1803954
1800323
1808622
1820033
1798248
1805510
1820551
1824701
1834556
1806028
1822107
1833518
1812252
1797730
1796173
1796692
1815365
1814846
1811734
1810178
1809659
1797211
1788912
1786319
1813808
1832481
1826775
1827294
1802398
1830925
1803435
1797730
1839224
1788393
1842854
1823145
1802916
1825738
1830925
1806028
1817958
1819514
1827294
1813808
1814846
1803954
1800842
1845966
1840261
1818995
1835593
1820551
1856340
1803954
1819514
1815883
1793580
1813290
1796692
1843892
1816402
1804991
1826775
1806547
1812771
1815883
1819514
1837668
1826257
1837149
1817439
1790468
1803435
1833518
1827294
1799804
1804991
1796173
1826775
1791505
1784763
1814846
1818995
1785281
1810696
1818477
1813290
1796692
1795655
1825219
1797730
1809659
1794099
1810696
1793580
1828850
1803954
1811215
1792543
1810696
1818477
1817958
1846485
1813290
1831962
1793061
1807066
1809140
1812252
1828331
1794617
1847522
1845966
1815365
1801360
1807066
1808622
1813290
1814327
1813808
1809140
1817958
1836630
1802916
1834556
1836630
1816921
1836630
1798767
1786837
1809140
1847522
1832481
1827294
1863083
1819514
1830925
1782688
1778539
1833518
1835593
1844929
1776464
1815883
1793580
1802398
1812771
1826257
1811734
1812252
1815365
1799286
1798767
1852190
1812771
1832481
1814846
1816402
1806028
1835593
1827294
1835074
1818477
1800323
1842854
1825219
1818995
1832481
1829369
1812771
1836630
1815365
1826775
1791505
1806028
1825738
1842854
1819514
1818477
1791505
1821589
1809140
1800842
1841817
1827294
1802916
1831962
1822107
1816921
1811734
1809659
1813290
1790468
1810696
1813808
1842854
1830925
1828850
1790987
1783725
1797211
1814327
1815365
1805510
1827294
1820033
1821589
1784244
1835074
1809659
1818477
1822107
1834037
1784763
1821070
1829369
1803435
1792543
1823663
1808622
1820551
1813290
1795136
1832999
1809659
1817958
1795655
1797730
1843373
1836630
1828331
1795136
1817439
1832999
1804472
1798767
1828331
1785281
1825738
1837149
1793061
1829369
1801360
1797211
1800842
1819514
1818477
1808103
1804991
1811215
1825219
1823145
1802398
1823663
1810178
1817439
1820551
1833518
1841298
1834037
1798767
1795655
1802916
1786837
1795655
1811215
1829887
1797211
1826775
1791505
1784244
1818995
1813808
1824701
1797730
1842854
1805510
1801360
1815883
1828331
1802398
1806028
1819514
1804991
1816402
1813290
1780095
1844410
1822107
1808622
1832999
1804472
1792024
1809659
1828331
1817958
1775426
1805510
1807066
1799286
1803435
1790468
1801360
1801360
1791505
1790468
1807066
1818995
1822107
1806028
1804991
1841817
1801879
1835074
1818995
1814327
1822626
1826775
1826775
1803435
1810696
1816921
1813808
1853228
1811215
1799286
1816921
1840780
1820551
1827294
1798248
1817439
1775426
1797730
1803954
1836112
1844929
1837668
1823663
1809140
1794099
1796173
1804472
1796173
1851153
1827294
1835593
1811215
1830406
1805510
1835074
1797211
1793061
1815365
1828331
1828331
1827294
1810178
1830925
1799286
1803954
1814846
1817439
1811215
1826775
1802398
1806547
1822626
1810696
1772833
1827813
1809659
1802398
1793580
1808622
1801360
1794617
1821070
1797730
1840780
1841817
1843373
1800323
1814846
1836112
1831962
1803435
1812771
1807584
1809140
1818477
1809140
1798767
1833518
1843373
1787356
1802398
1836112
1821070
1814327
1822626
1793580
1781651
1832999
1798767
1823663
1821589
1798248
1796692
1827294
1818477
1823145
1822626
1811215
1831443
1822107
1822626
1827813
1828331
1831962
1838186
1823145
1834556
1801879
1830406
1808103
1813290
1824182
1801879
1775426
1826775
1830925
1814846
1817439
1815883
1798248
1824182
1820033
1811215
1794617
1822626
1783725
1817958
1813290
1793580
1818995
1834556
1832481
1809659
1816402
1842854
1823663
1811734
1862045
1818477
1820551
1822626
1831443
1814327
1811734
1809140
1821070
1813290
1828331
1809140
1809659
1825738
1815883
1811734
1820551
1815883
1803435
1809659
1809659
1806547
1816402
1815883
1830406
1812771
1814846
1816921
1812252
1764534
1801879
1801360
1808622
1793061
1839224
1816402
1782688
1841298
1810178
1805510
1822107
1827294
1806547
1811215
1809140
1839224
1812252
1826257
1798767
1828331
1834556
1818477
1812771
1838186
1825738
1813290
1789431
1826257
1832999
1858933
1806028
1786319
1776464
1829369
1818477
1829369
1819514
1810696
1820551
1836630
1819514
1820033
1829369
1840780
1830406
1801879
1825219
1806547
1823663
1814846
1834556
1816402
1826775
1834556
1789949
1800842
1834037
1823145
1798767
1773870
1812771
1808103
1837668
1810178
1809140
1802398
1852190
1793580
1818995
1806547
1836630
1800842
1789949
1790468
1856340
1802916
1838186
1804472
1806547
1813290
1784763
1799804
1818477
1800842
1807584
1828850
1804991
1826257
1823663
1804991
1801360
1834556
1817958
1803435
1827813
1834037
1822107
1816921
1807584
1836112
1824701
1811734
1842854
1836630
1832481
1821589
1810696
1801879
1827813
1832481
1830406
1830406
1813290
1810178
1833518
1820033
1818995
1819514
1835074
1794099
1810178
1812771
1822626
1803435
1801360
1841298
1813808
1811215
1826257
1793580
1825738
1775945
1822626
1832999
1804472
1783725
1821589
1812252
1824701
1825219
1824701
1803435
1853228
1827294
1836112
1799804
1814327
1812771
1781132
1811734
1817439
1795655
1795136
1807066
1819514
1803435
1815883
1817439
1796692
1837668
1807066
1803435
1820033
1813290
1797730
1807066
1812252
1823663
1846485
1825738
1797730
1824182
1821070
1811215
1825219
1822626
1811215
1824701
1806547
1829369
1828850
1797730
1792543
1822107
1807584
1831962
1811215
1809659
1799286
1823663
1808622
1834037
1831962
1799804
1806028
1793580
1815365
1810696
1823145
1831443
1810696
1815365
1836112
1813808
1808622
1834556
1820033
1799286
1811215
1826775
1837149
1807584
1809659
1822107
1785800
1828331
1813808
1815365
1822107
1803435
1842336
1799286
1785281
1825219
1812771
1798767
1811215
1855303
1806028
1834037
1849597
1809140
1798767
1826257
1815883
1802916
1804991
1821589
1828850
1790468
1817958
1814327
1825219
1823145
1816402
1814327
1801879
1794617
1815365
1815365
1807066
1825219
1828331
1806547
1830925
1803954
1796692
1799286
1803954
1815365
1810696
1823145
1824701
1806547
1825738
1813290
1799286
1810178
1821589
1797730
1820033
1845448
1822626
1793580
1810178
1834556
1810696
1824701
1825738
1786319
1822626
1813808
1830406
1804472
1783207
1814846
1813290
1805510
1803954
1817958
1811215
1854265
1837149
1813808
1834556
1798248
1861527
1831443
1811215
1804472
1834037
1830925
1844929
1826775
1788912
1795136
1813290
1831443
1820033
1822107
1822626
1801879
1815365
1797211
1830925
1830406
1823145
1818995
1835074
1784244
1803954
1814846
1797211
1817958
1840261
1834037
1828850
1813808
1822626
1812252
1815365
1823663
1827813
1834556
1789431
1786837
1810696
1816921
1806547
1804472
1783207
1823663
1822107
1826775
1853228
1825219
1825738
1820551
1837149
1814846
1858415
1800842
1817439
1796692
1807066
1825219
1808622
1828850
1793580
1836112
1809659
1820551
1814846
1816402
1817958
1774389
1790468
1821589
1800842
1787875
1808103
1834556
1818477
1823663
1842854
1822107
1787356
1814846
1808103
1837149
1817439
1843373
1795136
1821070
1824182
1830925
1806028
1803435
1847004
1803435
1804991
1830406
1823145
1809140
1809140
1829887
1800323
1803954
1809659
1794099
1791505
1806547
1778539
1836112
1811215
1813808
1786319
1822626
1834556
1819514
1809659
1816921
1793061
1801360
1825219
1834556
1820033
1828331
1795136
1832999
1834556
1854265
1817439
1812771
1813808
1822626
1809140
1826257
1807584
1817439
1813808
1797211
1841298
1820033
1789949
1824701
1830406
1866195
1816402
1816921
1828331
1833518
1804991
1784244
1814846
1815365
1817439
1800323
1829369
1791505
1785800
1833518
1811215
1842336
1839224
1814327
1818995
1827813
1838186
1838186
1807066
1819514
1825219
1808622
1806547
1783207
1856340
1832999
1834556
1802398
1825219
1825219
1798767
1843373
1786319
1838705
1812252
1827813
1822107
1830406
1824182
1828850
1794617
1841817
1804991
1799286
1837668
1828850
1815883
1790987
1822626
1800842
1813808
1816402
1828850
1848041
1814327
1823663
1837668
1827294
1817439
1776464
1830406
1812771
1798767
1786319
1837668
1793580
1816921
1808103
1802398
1805510
1806547
1838705
1804472
1820033
1808622
1803435
1839224
1820033
1808103
1813808
1808103
1808103
1799804
1820033
1781651
1814327
1814327
1806028
1808103
1828850
1818995
1835593
1820551
1812252
1800323
1817958
1814327
1788393
1820551
1812252
1809659
1826775
1828850
1802398
1793580
1847522
1814327
1842854
1800842
1831443
1811734
1821589
1822626
1791505
1811734
1814327
1822626
1825219
1837149
1798248
1803954
1814846
1817958
1810696
1842336
1840780
1790987
1836112
1799804
1809659
1810178
1813808
1812252
1793580
1812771
1813808
1812771
1786837
1855303
1784763
1852190
1800323
1831962
1823145
1809659
1822107
1837149
1792024
1785800
1796692
1812252
1844410
1823145
1793061
1805510
1828331
1821070
1802398
1784763
1813290
1793580
1819514
1844929
1853747
1820551
1798767
1813808
1823145
1826775
1801879
1815365
1795136
1816402
1820033
1820033
1790468
1807066
1808103
1796173
1812252
1826775
1815883
1827294
1798767
1813808
1839224
1815883
1815365
1807584
1814327
1804472
1802916
1798767
1822107
1804991
1776982
1822107
1829887
1835074
1783725
1803435
1815365
1833518
1814846
1823145
1839224
1828850
1825738
1818995
1802398
1816402
1810696
1775945
1814846
1820033
1834037
1800323
1826257
1811734
1828850
1846485
1827813
1823145
1818477
1806547
1820033
1802916
1795655
1831443
1810178
1824701
1791505
1815365
1847004
1825738
1827294
1819514
1798248
1802916
1817958
1801879
1820033
1810696
1802916
1817439
1814846
1831443
1804991
1816921
1788912
1802916
1841817
1820551
1825219
1812252
1788393
1827294
1792024
1822107
1807066
1804472
1814327
1823145
1817958
1818477
1854265
1830406
1798248
1811734
1790468
1814327
1806547
1809659
1812252
1823145
1790987
1828850
1782688
1808103
1822107
1816921
1818477
1842854
1821589
1788912
1841817
1809659
1821070
1792024
1814846
1813808
1787875
1794099
1804472
1813808
1799286
1814327
1813808
1851672
1813808
1821070
1818477
1819514
1817958
1822107
1822107
1797211
1858933
1822626
1842336
1850634
1801360
1813808
1824701
1797730
1798248
1839742
1825219
1808103
1794099
1815365
1826257
1780095
1840780
1802398
1820033
1822107
1803954
1841298
1830925
1817958
1820033
1822626
1818995
1816402
1798767
1827813
1841298
1788912
1809140
1798248
1807584
1830406
1804472
1814327
1838705
1836630
1803435
1785281
1842336
1825219
1839224
1794617
1844929
1826257
1819514
1828850
1820033
1826257
1792024
1810696
1808103
1819514
1829887
1806028
1795136
1801360
1847522
1827813
1817439
1825738
1807066
1800842
1809659
1831443
1826257
1817958
1794617
1831443
1810178
1839224
1824182
1810696
1816402
1808622
1825738
1850634
1797730
1797211
1835593
1799804
1796173
1814846
1825219
1820551
1817958
1815365
1810178
1817958
1813808
1839224
1815365
1784244
1793061
1828331
1795655
1817439
1806028
1823663
1785281
1803954
1802398
1814846
1821070
1798248
1837149
1803435
1801879
1815883
1807584
1824182
1808103
1787356
1815365
1793061
1828331
1822626
1808622
1808622
1836112
1843373
1825738
1831962
1824701
1788393
1841298
1835593
1806547
1828331
1803954
1827813
1800842
1809140
1837149
1824701
1809140
1820033
1826775
1836630
1810178
1810696
1808622
1818477
1787875
1827813
1826257
1782169
1811734
1788912
1816921
1831443
1840780
1816402
1815365
1819514
1817958
1812771
1823663
1817958
1786837
1796692
1817439
1813808
1842854
1804472
1828850
1825219
1808103
1817439
1827813
1810178
1821070
1800842
1839224
1790987
1818995
1841298
1806028
1826257
1817439
1816921
1804991
1808103
1787875
1788912
1807584
1807584
1790987
1801360
1849078
1779576
1824182
1825219
1810178
1814846
1803435
1790468
1795655
1829887
1821589
1839224
1829887
1835074
1826775
1804472
1817439
1821589
1823145
1790987
1801879
1811734
1808622
1809140
1835074
1829369
1802916
1797730
1823663
1809140
1801360
1820033
1804472
1840780
1816402
1838186
1830406
1797211
1829369
1815883
1815365
1825738
1810696
1821070
1830925
1821589
1799286
1821589
1816402
1816921
1823145
1816921
1832481
1815883
1798767
1828331
1839224
1813808
1812252
1812771
1833518
1818995
1809140
1854265
1793061
1825219
1826257
1788393
1817439
1827294
1804472
1849078
1817958
1848041
1803954
1803954
1814846
1828331
1831443
1810178
1806028
1812252
1801360
1800842
1808103
1809140
1795655
1807584
1797730
1814846
1791505
1817958
1817958
1831962
1812771
1830925
1841817
1804991
1830406
1830925
1829369
1810696
1818477
1823663
1817439
1800842
1807066
1825219
1813808
1799804
1808103
1817958
1812771
1812252
1816921
1817439
1801879
1811734
1779057
1813290
1844410
1819514
1816402
1797211
1823663
1818477
1802398
1804991
1825738
1827813
1781651
1838186
1793061
1843892
1810178
1818477
1795655
1829369
1806028
1821070
1800323
1792543
1836112
1803435
1811734
1834037
1834037
1826257
1792543
1829369
1787356
1818477
1823663
1810696
1828331
1827294
1801879
1811734
1814327
1804472
1803435
1822626
1839224
1835074
1843373
1811215
1840261
1797730
1803954
1820033
1803435
1814327
1808103
1815365
1809140
1851672
1811215
1792543
1844410
1822107
1811215
1816402
1806028
1806028
1793580
1829887
1795655
1821589
1814327
1797730
1796692
1810696
1814327
1824182
1812252
1812252
1820033
1854265
1816402
1809659
1792543
1817439
1814327
1797730
1835074
1825738
1804472
1768684
1816921
1822626
1803954
1797730
1808622
1812252
1815365
1809659
1837149
1835074
1826775
1819514
1810178
1814327
1801879
1809140
1800323
1805510
1826257
1802916
1809140
1787356
1802916
1785281
1809659
1822626
1792543
1800323
1835593
1801879
1794617
1800842
1829369
1820033
1827813
1821070
1838705
1834556
1821070
1819514
1821070
1822107
1801360
1810178
1828331
1804991
1815365
1829887
1822626
1813290
1815883
1836630
1778020
1812252
1811734
1808103
1792543
1830925
1843373
