1839431
1812045
1829161
1800530
1807792
1806443
1810178
1817128
1817024
1832792
1841298
1807481
1846485
1790883
1806754
1798248
1818788
1804784
1803746
1795759
1811941
1824493
1788601
1848456
1828746
1795447
1796485
1824078
1840987
1825116
1810074
1815157
1793891
1799493
1830717
1799597
1818684
1805925
1825738
1838082
1806547
1815676
1812564
1822730
1818373
1803435
1820655
1798041
1805095
1841817
1826983
1819618
1843892
1813808
1807792
1835282
1831340
1814431
1807584
1820862
1805613
1823248
1822004
1812252
1826775
1795551
1843788
1832896
1801360
1812460
1818373
1810800
1792647
1790883
1817958
1851879
1829784
1823767
1812356
1834556
1813082
1808933
1828435
1794099
1821485
1804265
1806754
1807273
1808103
1803954
1807273
1794306
1827087
1814431
1806236
1813808
1823871
1799389
1818165
1812564
1807584
1828746
1802813
1831236
1820966
1804161
1843788
1822211
1814431
1797626
1834659
1795447
1797833
1836526
1830199
1809970
1827294
1803746
1809555
1847937
1814431
1809970
1828228
1835697
1822730
1805613
1831132
1810489
1833207
1836112
1798248
1786837
1806962
1805406
1831443
1804991
1776879
1823560
1782480
1824908
1808933
1825012
1803954
1818684
1820033
1829369
1826879
1818373
1813705
1831651
1834556
1816921
1834659
1793269
1800012
1821381
1792958
1833726
1826879
1807584
1804161
1809452
1797626
1836423
1838705
1818995
1802190
1819721
1821589
1789327
1806443
1818269
1819721
1839224
1825012
1816921
1820551
1815157
1810074
1809555
1832585
1801153
1814535
1805925
1806754
1814327
1836423
1826360
1809348
1837149
1805717
1812875
1797833
1812460
1826464
1845033
1823663
1813186
1813290
1797833
1808725
1817335
1829784
1835904
1812252
1826049
1828643
1810800
1806028
1811423
1812979
1809763
1818269
1811526
1834037
1811111
1827190
1814327
1807584
1849701
1830510
1816194
1812875
1797730
1816298
1821796
1801257
1806443
1823456
1811838
1795966
1819618
1808725
1810281
1798559
1805925
1823767
1801775
1829058
1827502
1802605
1831236
1838809
1807481
1839016
1814016
1803331
1813705
1810074
1843892
1820033
1824286
1806962
1805406
1834452
1815987
1819099
1811319
1813186
1804057
1804991
1821589
1845344
1807584
1812356
1818891
1857481
1804369
1817854
1811008
1824078
1813601
1825634
1820551
1811008
1834452
1817750
1797626
1811215
1835282
1803642
1806962
1799182
1807377
1809037
1837771
1831029
1795136
1838082
1828020
1816713
1815053
1801360
1797937
1801153
1824493
1827813
1850012
1818580
1818269
1821381
1786941
1827398
1830406
1824493
1828331
1805925
1802605
1837149
1788290
1812045
1828746
1798248
1832273
1805406
1808829
1796070
1793165
1823041
1807792
1802605
1787045
1830925
1823352
1819825
1828643
1803227
1804057
1821485
1819410
1822211
1795655
1821796
1828435
1794203
1818788
1812875
1800323
1814223
1767646
1790676
1839016
1795759
1842336
1822211
1830406
1831029
1818062
1824389
1823041
1832066
1813082
1798559
1800323
1796900
1840468
1825323
1818684
1808829
1812460
1842128
1793165
1805198
1810593
1808311
1818269
1823663
1827605
1829680
1822730
1820033
1823975
1816921
1824701
1823975
1817128
1821589
1803746
1807481
1818788
1824182
1797730
1823145
1806547
1841195
1820655
1804991
1820655
1821070
1785281
1806651
1832999
1825531
1807792
1822522
1805302
1813601
1806858
1822730
1820448
1797211
1825738
1826464
1818477
1823871
1830925
1830821
1805925
1811630
1799700
1792647
1809970
1799286
1793373
1831755
1798352
1830821
1835385
1803954
1813082
1782999
1810593
1798559
1797107
1817128
1814431
1798663
1841091
1806754
1796796
1825531
1830510
1801568
1819514
1835697
1831029
1810593
1797730
1812356
1813705
1814742
1807169
1824286
1838705
1810800
1818165
1830510
1809244
1815987
1798144
1813808
1831443
1808829
1843788
1836734
1831029
1818891
1799700
1806754
1823560
1812356
1824701
1811423
1812252
1809867
1791090
1803539
1846796
1802709
1835800
1801983
1825012
1813601
1812045
1828539
1805302
1837045
1821277
1820344
1835800
1820033
1805406
1794617
1829369
1799286
1800634
1819099
1805095
1819306
1790987
1810385
1826672
1820759
1816609
1806754
1817024
1785178
1822730
1825012
1816609
1811319
1828124
1830510
1827813
1829887
1816609
1807792
1825738
1806236
1820240
1811111
1813808
1821589
1812979
1814016
1824908
1793373
1828331
1806028
1817958
1815572
1816298
1809244
1784451
1804057
1804369
1809037
1819099
1789949
1808414
1812149
1814638
1822833
1823560
1827605
1813290
1820448
1808518
1807377
1833207
1828643
1801983
1831340
1815365
1829161
1805717
1823352
1788186
1804887
1834763
1812564
1810385
1818891
1798974
1823145
1795447
1826049
1810178
1824597
1810074
1829058
1794099
1811630
1811423
1813601
1802086
1836008
1786941
1835904
1811319
1811008
1850842
1815883
1825531
1817958
1797418
1824078
1826464
1796173
1823248
1829576
1819203
1825842
1806962
1829887
1818891
1794410
1818580
1809867
1821174
1792439
1816091
1798456
1818995
1816506
1832066
1826983
1827605
1788705
1806028
1827398
1810696
1831755
1794617
1818580
1807792
1835282
1812564
1809970
1826360
1810178
1822418
1809763
1809140
1834763
1796588
1811941
1811423
1804472
1815261
1786734
1815883
1813497
1813705
1809140
1804472
1808518
1828435
1799286
1813290
1781547
1823352
1803124
1810074
1817750
1804265
1810178
1836838
1807896
1851049
1806651
1788082
1816713
1797730
1820655
1829369
1821589
1822211
1796277
1821381
1824286
1811838
1809970
1816817
1828850
1824701
1825945
1803227
1813808
1817335
1817543
1811111
1809659
1829784
1828539
1825427
1805198
1828850
1805613
1825634
1817854
1798871
1815053
1790883
1794929
1812460
1812149
1795966
1841298
1796381
1807169
1815676
1815987
1811838
1821485
1839846
1817543
1811111
1836734
1821589
1801464
1818995
1803435
1800219
1822833
1815157
1828539
1792958
1804680
1812667
1817439
1815572
1812564
1810385
1770966
1809867
1804576
1810385
1821174
1830510
1807896
1816817
1838082
1835385
1825842
1804161
1830510
1828746
1836423
1821277
1822937
1816506
1803850
1811111
1797522
1804472
1829265
1802294
1821589
1821174
1833726
1809763
1825945
1828746
1828331
1814638
1822315
1821070
1819929
1801257
1827709
1830717
1800738
1824389
1832585
1821381
1823560
1827502
1800738
1832792
1828331
1806236
1816506
1821589
1795344
1791817
1823560
1803331
1815261
1809348
1826775
1812564
1841091
1817024
1836734
1853020
1822418
1815053
1812564
1807584
1804161
1805406
1806651
1816506
1787045
1805406
1818269
1799597
1809659
1831236
1833414
1806236
1812045
1821589
1840883
1804265
1834659
1831651
1815365
1824804
1815987
1760385
1829784
1810800
1848456
1809140
1797107
1802709
1836423
1834659
1808103
1817647
1831858
1826049
1853747
1831340
1819721
1820033
1775012
1831443
1823767
1809452
1811526
1801257
1831029
1821796
1808311
1819514
1804161
1833207
1819203
1835282
1820862
1795447
1804576
1805510
1833103
1816194
1832896
1813186
1813497
1797315
1842024
1807999
1825945
1829369
1806443
1826257
1792854
1804887
1797003
1831029
1801671
1810489
1806754
1823560
1809555
1830925
1821796
1808103
1825116
1832377
1814950
1806962
1816298
1833622
1830614
1784348
1806443
1811008
1800323
1824701
1770966
1820862
1826049
1805302
1834348
1808518
1818269
1819099
1820136
1811008
1818580
1815676
1814327
1823041
1830614
1775426
1789327
1801775
1819618
1798456
1814223
1816609
1794410
1833103
1823352
1794825
1799078
1831962
1789120
1818477
1784763
1809763
1820448
1807792
1812564
1790364
1811838
1848249
1825531
1824804
1831236
1826568
1828435
1800427
1820551
1802398
1814742
1818165
1819514
1829369
1796588
1811734
1826983
1816194
1812771
1801568
1822626
1827398
1810385
1830925
1813394
1813186
1826049
1830406
1826049
1820759
1818373
1826568
1811941
1829680
1814223
1816609
1832170
1796173
1800012
1824078
1808725
1831651
1801671
1829887
1802398
1805510
1806340
1800634
1836008
1814327
1813912
1812667
1812564
1818165
1783933
1803539
1820551
1803227
1795447
1812771
1819410
1810800
1836941
1808518
1857896
1798248
1808311
1812460
1819929
1830614
1818891
1819514
1797315
1826153
1802916
1816298
1821174
1796692
1807999
1826672
1802294
1815883
1821485
1807999
1810489
1822833
1801360
1808103
1818684
1805510
1810281
1818684
1839846
1811215
1824908
1818165
1811215
1816506
1836215
1835800
1788912
1806340
1800530
1795136
1840780
1800427
1838394
1822315
1821900
1807999
1824182
1805095
1801775
1819929
1805925
1810800
1822522
1804057
1814223
1828228
1800115
1818165
1813705
1824286
1846796
1831340
1799182
1794306
1819099
1804265
1801360
1838601
1803746
1805510
1829472
1831962
1829991
1808414
1825738
1816091
1825012
1820448
1832792
1825842
1823456
1830406
1839846
1804369
1820344
1781962
1807999
1813601
1829991
1824078
1829265
1821174
1811630
1801049
1797937
1813808
1793788
1847107
1838082
1807481
1808933
1805717
1821381
1785281
1842128
1830614
1804991
1839120
1768269
1814950
1810489
1813912
1812564
1818165
1816713
1814950
1826983
1804057
1826879
1808103
1833518
1830614
1821589
1815053
1832377
1797937
1820240
1801568
1813912
1819514
1812045
1803850
1793061
1808311
1828954
1803746
1812460
1825219
1808207
1811423
1811215
1788912
1809140
1827294
1813082
1805717
1807896
1800738
1820344
1823663
1806962
1834244
1819929
1805510
1836112
1843166
1796173
1795344
1810074
1834037
1805613
1807584
1840468
1795966
1808518
1808933
1801360
1821692
1834556
1822626
1825219
1804369
1812771
1797315
1831755
1822211
1812460
1806858
1808518
1813290
1813290
1793476
1803850
1803642
1802605
1814846
1809452
1806443
1812252
1826568
1832170
1823248
1830925
1833311
1806236
1827605
1829161
1809037
1820033
1817647
1815053
1811838
1808414
1801257
1829991
1817335
1796070
1831443
1830095
1819410
1824493
1813186
1798248
1818995
1822522
1813497
1822418
1810800
1812875
1821900
1825634
1812356
1798974
1805510
1821485
1820448
1816298
1815365
1808622
1813290
1811838
1834867
1822315
1821796
1800530
1816921
1824182
1794203
1794514
1813082
1782792
1811838
1829472
1831236
1806236
1833726
1815883
1824078
1816609
1806858
1805510
1822004
1828954
1812667
1816402
1818165
1804057
1828124
1807169
1829680
1817128
1805510
1828746
1858000
1811319
1808725
1822004
1818788
1801464
1822730
1826775
1790053
1835385
1805095
1812979
1789846
1800634
1820344
1814535
1812356
1804887
1829887
1810904
1820551
1832273
1806236
1816713
1791090
1817750
1810696
1832273
1804161
1836941
1831547
1812356
1814950
1812356
1828124
1824701
1829161
1806340
1819514
1788601
1819410
1798041
1813186
1827398
1807377
1826983
1836215
1823871
1810385
1806858
1839742
1812771
1789120
1846381
1809037
1829058
1817750
1824182
1819825
1828124
1797937
1826775
1813082
1832377
1798974
1806132
1815468
1818995
1787875
1794099
1809037
1830821
1829265
1821277
1811526
1818995
1797315
1818062
1815883
1828331
1819203
1795966
1823248
1813497
1824701
1804680
1807999
1836112
1825012
1809659
1796381
1830406
1821070
1798041
1812460
1801049
1825634
1838082
1806340
1813394
1846174
1801464
1815468
1813912
1820862
1822833
1801568
1812564
1809037
1830199
1816298
1831236
1819203
1818477
1804887
1806443
1804057
1823352
1821900
1778539
1794410
1799597
1803850
1791194
1814535
1805406
1804887
1823145
1794410
1805406
1821070
1821070
1810489
1795344
1811838
1791817
1830406
1802501
1798144
1806651
1818373
1830095
1832481
1798663
1795447
1817024
1793788
1812875
1807999
1812564
1820759
1817543
1814742
1826983
1810800
1813705
1827190
1818062
1827709
1795551
1834970
1829369
1818891
1838290
1823248
1847315
1822211
1834452
1811111
1828020
1829058
1802916
1808622
1814950
1808414
1788393
1810281
1825116
1812045
1786111
1826153
1813912
1803331
1806340
1821381
1803227
1813290
1835697
1809763
1785281
1836008
1802086
1804887
1825945
1803539
1788082
1816921
1812252
1828020
1826568
1840468
1818062
1808933
1792854
1802086
1818684
1826879
1806651
1821174
1808414
1805406
1811941
1805095
1797315
1804369
1811111
1803539
1826568
1821277
1803954
1837253
1818580
1826775
1808311
1816402
1814120
1805198
1812460
1797315
1803227
1805302
1798248
1791402
1811526
1821692
1801671
1827190
1830510
1822418
1817750
1808622
1797107
1822833
1804887
1792750
1810696
1817543
1802398
1825531
1818165
1828020
1794099
1803227
1821277
1816609
1827916
1792128
1797730
1824804
1822107
1820966
1804991
1807584
1815468
1821277
1790157
1789846
1813082
1804369
1818580
1806028
1821589
1822004
1799908
1792024
1822004
1796588
1816402
1794825
1815157
1806028
1804680
1812979
1839950
1809037
1828435
1794514
1790157
1832377
1807273
1832999
1826983
1804991
1817232
1808622
1826568
1817958
1816921
1800634
1797107
1806858
1830614
1809037
1807377
1805302
1819721
1833622
1793788
1809763
1836215
1812252
1809867
1825323
1799389
1820966
1827398
1791194
1820136
1786630
1818891
1798663
1797315
1818062
1828020
1816402
1816194
1806340
1828331
1813912
1832481
1829991
1801464
1799804
1821589
1834556
1823145
1813808
1789016
1816091
1808933
1812356
1822211
1820759
1814120
1815676
1848663
1819618
1837979
1827190
1826775
1802190
1822730
1817854
1819825
1811838
1821589
1807169
1837253
1811941
1812252
1816091
1799908
1835178
1802398
1829784
1809140
1788497
1817854
1836112
1822937
1810074
1804472
1809244
1842958
1839016
1817439
1827813
1808622
1823352
1791090
1818477
1843788
1819410
1845655
1811215
1807584
1793788
1801464
1824182
1804265
1804680
1804057
1819618
1808414
1823975
1781132
1799286
1807896
1822315
1812564
1800012
1814016
1799182
1815572
1825531
1804265
1809970
1802294
1819721
1829784
1829058
1811423
1808518
1829887
1816817
1814327
1811630
1808829
1825738
1812771
1832066
1804369
1822107
1821277
1845240
1793995
1831029
1804680
1809037
1809555
1806547
1820448
1829472
1810178
1815987
1826153
1821692
1810385
1802294
1792854
1819306
1807066
1815779
1825219
1802813
1807584
1814327
1834659
1787875
1828643
1806340
1829887
1824701
1818788
1834348
1816194
1818373
1822626
1818995
1825012
1814431
1801049
1807688
1796588
1818684
1816609
1816194
1811734
1846174
1813394
1800530
1814742
1825427
1822315
1804991
1823767
1807066
1830095
1830302
1796900
1809970
1803850
1805095
1830199
1836008
1826153
1813082
1785281
1805613
1826257
1836941
1800945
1798456
1803954
1816091
1806754
1825634
1800738
1828746
1813290
1807169
1809348
1835800
1833207
1801049
1819825
1820966
1820551
1800012
1819514
1813497
1825531
1815987
1804369
1816091
1809244
1827190
1823041
1817854
1800323
1800945
1827087
1822522
1831236
1804265
1825323
1805925
1803539
1805095
1818684
1810281
1801775
1806132
1827709
1808829
1805821
1820448
1836423
1804576
1820136
1798559
1816921
1806547
1814327
1824908
1824078
1808725
1786319
1842024
1813705
1837253
1827502
1822315
1817647
1794721
1824078
1808311
1817958
1818269
1814742
1827087
1808207
1789949
1815053
1800219
1812252
1838912
1820966
1821589
1821277
1812667
1833207
1793061
1790053
1798559
1812460
1814638
1814535
1828643
1817335
1786215
1811734
1816402
1832066
1811630
1814742
1801879
1813394
1787252
1817335
1812875
1804161
1829265
1806028
1801464
1805613
1814950
1812252
1821796
1821381
1815676
1829991
1811423
1818165
1827502
1821381
1812667
1838601
1804161
1837875
1811215
1817647
1819410
1826360
1779991
1812771
1829265
1823248
1824182
1787771
1800945
1804472
1827502
1849908
1817439
1810074
1833933
1836215
1809140
1797730
1828020
1824078
1836526
1814950
1798974
1802190
1814327
1815676
1812045
1786007
1788705
1863186
1821277
1829265
1815883
1789846
1804991
1795344
1828539
1805717
1814846
1809555
1824182
1812460
1800012
1804265
1844203
1831236
1840053
1808933
1805198
1805925
1850323
1814431
1808207
1851153
1835178
1824389
1806028
1828228
1814431
1823767
1827502
1825427
1812252
1818269
1823041
1804887
1829680
1821796
1795551
1793580
1828228
1829576
1822418
1820344
1817439
1822626
1814327
1804472
1828331
1816506
1808622
1816194
1805406
1801153
1792128
1793788
1804472
1781754
1822211
1821381
1795344
1804265
1792543
1806340
1799286
1801153
1806132
1814431
1804472
1796588
1812460
1835282
1810281
1797315
1801049
1822937
1792128
1826672
1817958
1832066
1790261
1840883
1794929
1829369
1824389
1830717
1827398
1811838
1833207
1799286
1798041
1823767
1830095
1812149
1822418
1797418
1805821
1794721
1826257
1845033
1810281
1841506
1782377
1815468
1779680
1820033
1828020
1830614
1826983
1814431
1811630
1800842
1820136
1802294
1797315
1817854
1784036
1825634
1796588
1823663
1830614
1822937
1803746
1801360
1815468
1810800
1807169
1816402
1823871
1821692
1805613
1810489
1803020
1825945
1821589
1820136
1806132
1792647
1811423
1801879
1792335
1804472
1811008
1816713
1830095
1790779
1828746
1818788
1840261
1813808
1812149
1828746
1812045
1813497
1821174
1818269
1793891
1806340
1778331
1815261
1827605
1814120
1804472
1823456
1829058
1818269
1802086
1811630
1825116
1797107
1802294
1833207
1820033
1825634
1825219
1828124
1815468
1814016
1827605
1826775
1768580
1820655
1830925
1814846
1796277
1799908
1801983
1813082
1818788
1808829
1810281
1806858
1825323
1814535
1805717
1798248
1814950
1812667
1829161
1842024
1789016
1807999
1809244
1776879
1804576
1845344
1806443
1811008
1817024
1811111
1808829
1816506
1804991
1822833
1807169
1809244
1825842
1858103
1812045
1819203
1820759
1819825
1834244
1793476
1817543
1783310
1795759
1812356
1804265
1807584
1813082
1822833
1825634
1799804
1848041
1821485
1820033
1837149
1818684
1817854
1823248
1810281
1813808
1824182
1837564
1806547
1802086
1824701
1823041
1835074
1808207
1797730
1807999
1832170
1809140
1822937
1806340
1818062
1826257
1805510
1837045
1827190
1809763
1819203
1828850
1811111
1828954
1823352
1827294
1816506
1800323
1818684
1828435
1814223
1781858
1822418
1830406
1816091
1814950
1815157
1832481
1807481
1820862
1818788
1830510
1807584
1828331
1789431
1813808
1825012
1805821
1828643
1822004
1811111
1808829
1798041
1818062
1826153
1821589
1805406
1795759
1826049
1812045
1804784
1809763
1787252
1813394
1827190
1826983
1825116
1821485
1826672
1784244
1797418
1815883
1836008
1783310
1785074
1798767
1837668
1805095
1825945
1822418
1823456
1840053
1795966
1823352
1841713
1822004
1811838
1830925
1806858
1806132
1798144
1783414
1811215
1798663
1831132
1824701
1790987
1819306
1826360
1815779
1807377
1831651
1808103
1818269
1808933
1811423
1805095
1824804
1807896
1811526
1810489
1827502
1814327
1836838
1804057
1775219
1834244
1792854
1807066
1815883
1818165
1795344
1812252
1794617
1815261
1808933
1798352
1819410
1816194
1824078
1837979
1796692
1803124
1832170
1798767
1833622
1821381
1814535
1815365
1798352
1811526
1825531
1832273
1828331
1800115
1813082
1807688
1800738
1832688
1826257
1846485
1830199
1804472
1802190
1828850
1849701
1812149
1805613
1804369
1813601
1822107
1816091
1804680
1808103
1821796
1815468
1831132
1822626
1814535
1829369
1821174
1819825
1778227
1823975
1829991
1818995
1796277
1815779
1798248
1822211
1838705
1814431
1830199
1812667
1809452
1805717
1821070
1812564
1826983
1795759
1845033
1802916
1806858
1809555
1809659
1822626
1834348
1823145
1825531
1802398
1856859
1814223
1839950
1810281
1812979
1780821
1822833
1793684
1825116
1776775
1804784
1818062
1809348
1829265
1828331
1814950
1816194
1824493
1836838
1810593
1800115
1819306
1801983
1797626
1819410
1806651
1830406
1809659
1830614
1786941
1796070
1831132
1803020
1831858
1804887
1827398
1799078
1830510
1856340
1784555
1816091
1830510
1807688
1822626
1815883
1827502
1824286
1835904
1804991
1830510
1833207
1798248
1809659
1817439
1819825
1808311
1822730
1795240
1836630
1815572
1808207
1807584
1810593
1828331
1793891
1823041
1791298
1813290
1818373
1801153
1814016
1838912
1804784
1813394
1804576
1801775
1780302
1815365
1790364
1809452
1809348
1799182
1812875
1817128
1831443
1824493
1832896
1820136
1784451
1797211
1808933
1816298
1824804
1799597
1821692
1812460
1835178
1817439
1821381
1810178
1791713
1817024
1834970
1807273
1826672
1823248
1821485
1825427
1798663
1792024
1795862
1834244
1843892
1820862
1802709
1824182
1817543
1825427
1820862
1802190
1820759
1835385
1812252
1840572
1828331
1792128
1814431
1836838
1828020
1828643
1816298
1808725
1834763
1817750
1815572
1799493
1809867
1822107
1810904
1809452
1820862
1833207
1811215
1820448
1795344
1823767
1795551
1810800
1810385
1807377
1815365
1800842
1812875
1792854
1821589
1794617
1822522
1818477
1823248
1819721
1820655
1799597
1828020
1809763
1812667
1791194
1817750
1815053
1809452
1836423
1825738
1808103
1806132
1835489
1818165
1827190
1801360
1795551
1823663
1831858
1820966
1818580
1802086
1815676
1826153
1850012
1819306
1832170
1833829
1805198
1811215
1815365
1818062
1811630
1821796
1815883
1808414
1818477
1792128
1820033
1812667
1804161
1820966
1826360
1792024
1826257
1795551
1792232
1837253
1812149
1820655
1828331
1822107
1815676
1818062
1816402
1816713
1786319
1822107
1826568
1791402
1844099
1820344
1809970
1817958
1833622
1791713
1812460
1836008
1818995
1821070
1843684
1811319
1838497
1811215
1813290
1818891
1818062
1802190
1799597
1828539
1818891
1813601
1835593
1813497
1806962
1847834
1824286
1830614
1812979
1812252
1840157
1821381
1820240
1833726
1800427
1810489
1818684
1808829
1789846
1811319
1828228
1810696
1811526
1801568
1817750
1820551
1788497
1827398
1813497
1798144
1806858
1798248
1795032
1814016
1801257
1803954
1815572
1843684
1780821
1841195
1803642
1829680
1834970
1793684
1816402
1817335
1794099
1839224
1830406
1796588
1800323
1828746
1807896
1826568
1809452
1813290
1840987
1814535
1799389
1832792
1815987
1832273
1813497
1804680
1799804
1807066
1817439
1805198
1836941
1823560
1837771
1810074
1799286
1783725
1796070
1826049
1821485
1836423
1832688
1783518
1855406
1800842
1814223
1806340
1808933
1800634
1792335
1818373
1819514
1808103
1820655
1818477
1821174
1817439
1796173
1821485
1832999
1832999
1812149
1816817
1831651
1829265
1811215
1814742
1815157
1803227
1803954
1828124
1811111
1815468
1810800
1809244
1827294
1814120
1812979
1811526
1831755
1798456
1811526
1811838
1836526
1844722
1806028
1816921
1836630
1810178
1827190
1807169
1826672
1829058
1804472
1809037
1792543
1826775
1812045
1831755
1822004
1806858
1825219
1809555
1812667
1825427
1814016
1816298
1825842
1799182
1820862
1831755
1820136
1838082
1802916
1823663
1822626
1795032
1802916
1809348
1802916
1803954
1822418
1793580
1807169
1834141
1824182
1805925
1844410
1804576
1798663
1805821
1818788
1828643
1819929
1842336
1845655
1824286
1800634
1802086
1824182
1792958
1812875
1819721
1793165
1814535
1828850
1822004
1821589
1823871
1823041
1817439
1824182
1821277
1829058
1813290
1826464
1816817
1806651
1799286
1803227
1811423
1801257
1797315
1811008
1830614
1822626
1822107
1831651
1794825
1837149
1801983
1809452
1856236
1832792
1804369
1826672
1829680
1823767
1800012
1809244
1810904
1812045
1816506
1832585
1816091
1812149
1810593
1804991
1817335
1801257
1823767
1820655
1796381
1798041
1822211
1796277
1795551
1820862
1799182
1833622
1795966
1798871
1799597
1797937
1828435
1805302
1825427
1826049
1811008
1821796
1819410
1824804
1805095
1820655
1812460
1817750
1820344
1844618
1802398
1798144
1806651
1811526
1820344
1813186
1812045
1835178
1811008
1807481
1855821
1826049
1805717
1820862
1788497
1822107
1832481
1797107
1812667
1810385
1826464
1825323
1828746
1793373
1810800
1829369
1786526
1814638
1801464
1810074
1810593
1824804
1807584
1829369
1816194
1824597
1814223
1805198
1812356
1822211
1810904
1784970
1794825
1812875
1833414
1818788
1824493
1809348
1821485
1821485
1834867
1811008
1809555
1821381
1800219
1812979
1815468
1850842
1804784
1817750
1813808
1819306
1827398
1818269
1810178
1819203
1811008
1786111
1805095
1817958
1818580
1823041
1819203
1806858
1828643
1810593
1814950
1795655
1816091
1802813
1815987
1824908
1831651
1783414
1814431
1814846
1806651
1817958
1832999
1810178
1819306
1826568
1836008
1812149
1804472
1808207
1803850
1811215
1835800
1806132
1811111
1809659
1815468
1798041
1815779
1833103
1820655
1801775
1843788
1796070
1839016
1789431
1809037
1818995
1775219
1816506
1820551
1795551
1808414
1808207
1810489
1821796
1812667
1799493
1828746
1809555
1813290
1828228
1812356
1835282
1818373
1808622
1828954
1824804
1804472
1844618
1806858
1805510
1792128
1826257
1835800
1826879
1831029
1831340
1803954
1803227
1793788
1825116
1804161
1832066
1798663
1809970
1797833
1785904
1820655
1818788
1805406
1843684
1817439
1813912
1828331
1806754
1812356
1810489
1841402
1801153
1818165
1818580
1785904
1798974
1814535
1819514
1811423
1809970
1812667
1812045
1795966
1822211
1814950
1812356
1812979
1817232
1810385
1814535
1810178
1827502
1817958
1821277
1825323
1818995
1829369
1828435
1826879
1825116
1826153
1809970
1823560
1802916
1836112
1808933
1807896
1810385
1809867
1802605
1809348
1819618
1836526
1807896
1806651
1797833
1842751
1793891
1832481
1795447
1806132
1801360
1798663
1812875
1825116
1817128
1812356
1815468
1836423
1807169
1794721
1810489
1806651
1799908
1787149
1832066
1803539
1814016
1800427
1818788
1814638
1812252
1802605
1805613
1821485
1825116
1824493
1801568
1802398
1805925
1834556
1831858
1802086
1833311
1839120
1820033
1807066
1804265
1855095
1843269
1794410
1812979
1808207
1813808
1813601
1846796
1806340
1825634
1808103
1814431
1819721
1818165
1806132
1803954
1806651
1835178
1802501
1823663
1824182
1811734
1833311
1827087
1814950
1837045
1816713
1797003
1806340
1807377
1831547
1827813
1805302
1807792
1815572
1815676
1807169
1805925
1847004
1818580
1829472
1792024
1829680
1826983
1809348
1815883
1807792
1820344
1834037
1825219
1796485
1780717
1810696
1808207
1811941
1804991
1784451
1798871
1824493
1812875
1839639
1812979
1815261
1824597
1821900
1838705
1823352
1796796
1829265
1796588
1826153
1815987
1820551
1801568
1801775
1829680
1842024
1849597
1828124
1817335
1803850
1839120
1810178
1800530
1816506
1827398
1829680
1850738
1834659
1825012
1796070
1802190
1820551
1833103
1811319
1813290
1814431
1806340
1810696
1804784
1809659
1820759
1824597
1821485
1823456
1802501
1827087
1809659
1806547
1798456
1826360
1830302
1821692
1832688
1823663
1793684
1844410
1803020
1849390
1809867
1825219
1811215
1826568
1834659
1814742
1806651
1839016
1823145
1817647
1831029
1821485
1815883
1787978
1828643
1803850
1789949
1829680
1795136
1820862
1822522
1803020
1801879
1820966
1806340
1815468
1826775
1825323
1792128
1805406
1808103
1803642
1814638
1816506
1824389
1815365
1806443
1817854
1797833
1825012
1779680
1815053
1797833
1825012
1814535
1800012
1817232
1807377
1818373
1812564
1810074
1834037
1818995
1832170
1817750
1801879
1815987
1807584
1824182
1816506
1810281
1810696
1820551
1798041
1824286
1816194
1822211
1819618
1822315
1820759
1828020
1843373
1811838
1806858
1820136
1832377
1832481
1827190
1809970
1833622
1785904
1814950
1805198
1824804
1816506
1806132
1843580
1802813
1807169
1815261
1783310
1847315
1834970
1822522
1822004
1802709
1831132
1829887
1819514
1805613
1822522
1807481
1820759
1827087
1839535
1811423
1827709
1817024
1806132
1826257
1820344
1807688
1798352
1801464
1814120
1822211
1827087
1809140
1829887
1811319
1809970
1838394
1817128
1817335
1831858
1822418
1804472
1819306
1806132
1793788
1840053
1799493
1849493
1785696
1819306
1811734
1784036
1803850
1813394
1813497
1799597
1800012
1804887
1798456
1823352
1810489
1803642
1832377
1807688
1825219
1819825
1803539
1798041
1816402
1809555
1807169
1810074
1816713
1807584
1814223
1784244
1817543
1812875
1809452
1798663
1819721
1808622
1825427
1821277
1806340
1818788
1834659
1810178
1821070
1839846
1803435
1813394
1826153
1807792
1823663
1812149
1835178
1811941
1804369
1824908
1813705
1830925
1810904
1848871
1813290
1816091
1838912
1814327
1838290
1810385
1800219
1806028
1817958
1803124
1832066
1826049
1829058
1852917
1832688
1803539
1788705
1829576
1840883
1793476
1854576
1817854
1822730
1832896
1806962
1828643
1798144
1819410
1824597
1813705
1804265
1799597
1823871
1828435
1806651
1822937
1810904
1826049
1791402
1843580
1815676
1809244
1829991
1811838
1815779
1814431
1840676
1812149
1804576
1847211
1811215
1806754
1807169
1828124
1815676
1804887
1801775
1810281
1809659
1812667
1822418
1792647
1825116
1820136
1811630
1826360
1819825
1809037
1789327
1808311
1813290
1826775
1804576
1801464
1791609
1825012
1815053
1819203
1813912
1795032
1812252
1803746
1808829
1801464
1818891
1826360
1825531
1834970
1820033
1806028
1829472
1789016
1785696
1805613
1796692
1815572
1831132
1839950
1823248
1820136
1811941
1798456
1779472
1814950
1813601
1802294
1799078
1812667
1809244
1837875
1820759
1818580
1828954
1821381
1815883
1841713
1821900
1808207
1817543
1792854
1828746
1794514
1808311
1807896
1812979
1801360
1810074
1821174
1823663
1812149
1805198
1832066
1818891
1800219
1813290
1817024
1820448
1821277
1811008
1800219
1823456
1806651
1808725
1809348
1793165
1829576
1812979
1823041
1803746
1818891
1791609
1816713
1813705
1813912
1824908
1813912
1796070
1863913
1832481
1804369
1829058
1799493
1821900
1804161
1812564
1821070
1807169
1822522
1828020
1804057
1830095
1826879
1819203
1811215
1809140
1793061
1812875
1785904
1820759
1811423
1812771
1800738
1816402
1801360
1794203
1807169
1822418
1827294
1807273
1794410
1820033
1804369
1791713
1835282
1811630
1836941
1793995
1790779
1811941
1815987
1809867
1815987
1823248
1826257
1810904
1822730
1823041
1818269
1825945
1856132
1814120
1833726
1806132
1840780
1833622
1810074
1793061
1808829
1796796
1830821
1817335
1806754
1815157
1810696
1819410
1791402
1794410
1828746
1827294
1816713
1806754
1811215
1831651
1812564
1842336
1813394
1839016
1807792
1798974
1809244
1810178
1819306
1830821
1815883
1817232
1825842
1812564
1831443
1827605
1807377
1789327
1825427
1846070
1805406
1821692
1808829
1811526
1829784
1795344
1826775
1821692
1816194
1829161
1819825
1815883
1819099
1824493
1803020
1827087
1823560
1803331
1812979
1810800
1820033
1836734
1779991
1807066
1792232
1811423
1803642
1810593
1847107
1825945
1802605
1805302
1826153
1818062
1811111
1821070
1818477
1798871
1811526
1820240
1798974
1831029
1804161
1793476
1812979
1823456
1835489
1808725
1813601
1831029
1814327
1806754
1804991
1812875
1783518
1831340
1804784
1824389
1808311
1837045
1812875
1820240
1829576
1817232
1820033
1828643
1811008
1837564
1808414
1821796
1807896
1814950
1851049
1817232
1855095
1822833
1810696
1821174
1833829
1808622
1821692
1786111
1815987
1831651
1825634
1805095
1813705
1822730
1818684
1833311
1811630
1822730
1800219
1824908
1822004
1827605
1803539
1800219
1812979
1795551
1806340
1819306
1803642
1811526
1822833
1820033
1829991
1816921
1793684
1812667
1810904
1831236
1792439
1804576
1832999
1809555
1821485
1798559
1825116
1796692
1816091
1805717
1801257
1829058
1841402
1831651
1807481
1837979
1832792
1809867
1818062
1834348
1833518
1824701
1813186
1822004
1817128
1813705
1834244
1806754
1825012
1828228
1821381
1820448
1804991
1791920
1834970
1814223
1841506
1821070
1837460
1806547
1812460
1826672
1829369
1816091
1802916
1796277
1806236
1816506
1806858
1797211
1788497
1821485
1808933
1811008
1798456
1808622
1810904
1804472
1813912
1827502
1831547
1795759
1826049
1810074
1813290
1804991
1818788
1830821
1843166
1828746
1833103
1829472
1814431
1804576
1802916
1826983
1809659
1814327
1833414
1796381
1806132
1819618
1830925
1821277
1803642
1807066
1842128
1812252
1826568
1823248
1813808
1791817
1823352
1797937
1804784
1822522
1827087
1815572
1809970
1845863
1811838
1817647
1795759
1809452
1831443
1805406
1813394
1838290
1828954
1817439
1806028
1809659
1809763
1831858
1794825
1809348
1808103
1817335
1799286
1796900
1817750
1811111
1824286
1806443
1815365
1814742
1797626
1815779
1800323
1812252
1807688
1804784
1804784
1792335
1831132
1795032
1795759
1831755
1841506
1817024
1789534
1801879
1810800
1828746
1805406
1819203
1826879
1787978
1821277
1816298
1815779
1814223
1810904
1801671
1812356
1800945
1832999
1827294
1817128
1784140
1814638
1817128
1789846
1790779
1813082
1804991
1815053
1798248
1810696
1810385
1823456
1801360
1808103
1805095
1802294
1793476
1828124
1819721
1822418
1832585
1806236
1802605
1814327
1818269
1826983
1822004
1803435
1843373
1804680
1826568
1818580
1821174
1828850
1820344
1825634
1801983
1832377
1804265
1826775
1812149
1811630
1787356
1834348
1806236
1819514
1809867
1829058
1793476
1813394
1805925
1838394
1836630
1822418
1827709
1839016
1818165
1820551
1799389
1799700
1827398
1792958
1787771
1825116
1807896
1815157
1820136
1816713
1785904
1803954
1805510
1815053
1829265
1802605
1830199
1839535
1820344
1814327
1801464
1801049
1815468
1812252
1829058
1796796
1797833
1817335
1798456
1815883
1807999
1843788
1775115
1802813
1832792
1793684
1791090
1821277
1815053
1817958
1824286
1817128
1834556
1796796
1809555
1821070
1827813
1824493
1818165
1821485
1799700
1847626
1804887
1793269
1798144
1793269
1815468
1833103
1814950
1792958
1820655
1803020
1834244
1812771
1819306
1841713
1795344
1802294
1820759
1818165
1824389
1808829
1813186
1815676
1812771
1800634
1811838
1798352
1801879
1814120
1821277
1847211
1795862
1810178
1814327
1825427
1809970
1824908
1795655
1818062
1810281
1833518
1817543
1805302
1803435
1826049
1815261
1810904
1815468
1804887
1816091
1828746
1811630
1781547
1785904
1804576
1806858
1800634
1821277
1811941
1833829
1819203
1820966
1824804
1842958
1813082
1810178
1829472
1806962
1840053
1803954
1793995
1815883
1821070
1810489
1804369
1828746
1815572
1825323
1793165
1818580
1813912
1813290
1799493
1820759
1806754
1837356
1819099
1812771
1800012
1803020
1795136
1817854
1787978
1830925
1828746
1806858
1833207
1799700
1817958
1814223
1805302
1836423
1827709
1801153
1799182
1807377
1807896
1819618
1829784
1828020
1818269
1808933
1809348
1808622
1837253
1823145
1845240
1831651
1844722
1789949
1814431
1807999
1823975
1818269
1847522
1792958
1833518
1811526
1822107
1839742
1802294
1816817
1837460
1813290
1829784
1827813
1806962
1813705
1837979
1817128
1821381
1807273
1828746
1812460
1823041
1833726
1806547
1794203
1835593
1806651
1813394
1797418
1801153
1818062
1814950
1853435
1838082
1825738
1818269
1793684
1828643
1813186
1821796
1800115
1828228
1816194
1806547
1833933
1820033
1811526
1827813
1800530
1831858
1791713
1803435
1829472
1823248
1838601
1819721
1795447
1833829
1852709
1807481
1822937
1803124
1798352
1802398
1806651
1808311
1801360
1805925
1817543
1802294
1809140
1826879
1786422
1809970
1826049
1825012
1790883
1815365
1804161
1793891
1819721
1795551
1844410
1824908
1809763
1817024
1815365
1834659
1834037
1819825
1812252
1799078
1816402
1813601
1822315
1828850
1813186
1818891
1797626
1798974
1810593
1813705
1831651
1802398
1812564
1820655
1840053
1825738
1798974
1823352
1811526
1812149
1773767
1810385
1824597
1829369
1792854
1829058
1804784
1804265
1818684
1808518
1798663
1815883
1809037
1820136
1832377
1830717
1844618
1829784
1831236
1812356
1787252
1817439
1820759
1814950
1820344
1832999
1828435
1810385
1823456
1818580
1856236
1832481
1832896
1834659
1843166
1814327
1800738
1803331
1805510
1822107
1800323
1816298
1824182
1808311
1798352
1824804
1823871
1802605
1839327
1802190
1794929
1793891
1798663
1802294
1800634
1811941
1788808
1837356
1809867
1796900
1820862
1797937
1827087
1824389
1815261
1820344
1801775
1809244
1817750
1799908
1819514
1831755
1794203
1810904
1834556
1803539
1820966
1825634
1850323
1796588
1836526
1833414
1838290
1808622
1814535
1787563
1818891
1816506
1787563
1809244
1788393
1816817
1827916
1819203
1812149
1821692
1799908
1821796
1811941
1819825
1825323
1828643
1826464
1825323
1809867
1823975
1808518
1824286
1809659
1804680
1820240
1823767
1847315
1815779
1813808
1823456
1824078
1808518
1809970
1794929
1827087
1793373
1813497
1831443
1826257
1809555
1804472
1823041
1791713
1819306
1845344
1832170
1808311
1819514
1841506
1787667
1817439
1819825
1801983
1802190
1830717
1791298
1798456
1818373
1801360
1848560
1820033
1814535
1818684
1809555
1827709
1787667
1816402
1846796
1812771
1808622
1823560
1824182
1835593
1809452
1811008
1817750
1842647
1812667
1800427
1824804
1819514
1808311
1817854
1841298
1837356
1819410
1812460
1813186
1811734
1818165
1839846
1799493
1809970
1828539
1820759
1778746
1797937
1810385
1818373
1811008
1804265
1838705
1780406
1821381
1821277
1821277
1837771
1822211
1825738
1838497
1785489
1839846
1805510
1827813
1813186
1804680
1824389
1811838
1843166
1804472
1793891
1831651
1804680
1794617
1798144
1824286
1819514
1804472
1816921
1815987
1812045
1825634
1830302
1835800
1806754
1825738
1796588
1804991
1814223
1811630
1847419
1828020
1814223
1785281
1804991
1823560
1845033
1800323
1818995
1835904
1805510
1795032
1821692
1820655
1829576
1818684
1829161
1796796
1800012
1811008
1808518
1821485
1788082
1844929
1843062
1849286
1793788
1796277
1808622
1834970
1809244
1803435
1794514
1817335
1787667
1829369
1807377
1807066
1793788
1814638
1835904
1823352
1833414
1801360
1828746
1831651
1836319
1817232
1795240
1826879
1797003
1814535
1811215
1799804
1833933
1815157
1783725
1811008
1795966
1803746
1839639
1825323
1829369
1815572
1795966
1816817
1823041
1820448
1791090
1803331
1812045
1815365
1802709
1830199
1808725
1831236
1803227
1807066
1796277
1825531
1807066
1801153
1805302
1821174
1807896
1805613
1793476
1832999
1797315
1817439
1826360
1842543
1792543
1829265
1818580
1816713
1813394
1837045
1795344
1835800
1842232
1837979
1805198
1806858
1819825
1818373
1832481
1806547
1809244
1788497
1823767
1827916
1799389
1810281
1816298
1828331
1851153
1800634
1801671
1830717
1801671
1818269
1803746
1806028
1811630
1831340
1793476
1834659
1811319
1783622
1795032
1819306
1802294
1812356
1800945
1825634
1830302
1812771
1800842
1842958
1801671
1826672
1827294
1784763
1822522
1809555
1817335
1812564
1831651
1799493
1796900
1800427
1799286
1823975
1831132
1815676
1832273
1815572
1829887
1795447
1809867
1818477
1834348
1828954
1812149
1828020
1817647
1798663
1803642
1799908
1817543
1822004
1810281
1812979
1817335
1806547
1815572
1809244
1818891
1807792
1826153
1826464
1822315
1811941
1801775
1802709
1826672
1812667
1844618
1805613
1804265
1819306
1820344
1805613
1820136
1808622
1804057
1805821
1806028
1802813
1840468
1828850
1835178
1808933
1813186
1822211
1796277
1815676
1834141
1816921
1816298
1808207
1820655
1796173
1824286
1813082
1830199
1815261
1790157
1816921
1821174
1809244
1816091
1826257
1844203
1828539
1805095
1791402
1793995
1816817
1786837
1803020
1831236
1832792
1810178
1815261
1806651
1813290
1817128
1813808
1817958
1811215
1824182
1817232
1809970
1807792
1805925
1817024
1801049
1783310
1834348
1809348
1806858
1808311
1835178
1814535
1790987
1811526
1814223
1802190
1825945
1808933
1811423
1792647
1810281
1802813
1830406
1798352
1800530
1818165
1822107
1826879
1825012
1806132
1820344
1839224
1818580
1807377
1831340
1805302
1807481
1808207
1789016
1831755
1811008
1804265
1815676
1824701
1806340
1830302
1824701
1804161
1805198
1827190
1824182
1798559
1800219
1812356
1803124
1816298
1813601
1834867
1825531
1841091
1821900
1836838
1820862
1807169
1797003
1827709
1833103
1866506
1813808
1814223
1825945
1807999
1791713
1835385
1828850
1797522
1819514
1829161
1795862
1820136
1805925
1817335
1813912
1816817
1829576
1813808
1786734
1815157
1819618
1799078
1810489
1820344
1828850
1833518
1814431
1843166
1826360
1806962
1790364
1783414
1804680
1804887
1807273
1807273
1808622
1792128
1774078
1805198
1823352
1804369
1801257
1823145
1828643
1808933
1815676
1795551
1817750
1846174
1824286
1817335
1815987
1791713
1801257
1790261
1835282
1803642
1804991
1819203
1807584
1807481
1846485
1794410
1804784
1832170
1800323
1835697
1815987
1787149
1820966
1788912
1800219
1813601
1830095
1786526
1805613
1798767
1805510
1819929
1815779
1810800
1811008
1787875
1817958
1816194
1820344
1837875
1805406
1793684
1788497
1808207
1831340
1806754
1806651
1803020
1829887
1798352
1792647
1808518
1793891
1830406
1817439
1789742
1836008
1817750
1821900
1824804
1816194
1819410
1795344
1826049
1825323
1798144
1829472
1816402
1815883
1818580
1824908
1829265
1807584
1813290
1824908
1808414
1837356
1802190
1829991
1804680
1806962
1787252
1790883
1807999
1818373
1801257
1815157
1808622
1831029
1822418
1823767
1788186
1812667
1800427
1815157
1806858
1826879
1814327
1797833
1814223
1793995
1834348
1839846
1818891
1816298
1807688
1839016
1817128
1828954
1837253
1790261
1813705
1816091
1812667
1803331
1787563
1798352
1821485
1822730
1834659
1798456
1801983
1812875
1810904
1806547
1805925
1812252
1804265
1810593
1817335
1804784
1783207
1814223
1833726
1791298
1794099
1804887
1817543
1817128
1810904
1825531
1810385
1831029
1826879
1809244
1795551
1801568
1807792
1822937
1798041
1821900
1831547
1818477
1828954
1816713
1822107
1825219
1839431
1789120
1810800
1830510
1833311
1832273
1832066
1825323
1833726
1820448
1797418
1813394
1807481
1802190
1814223
1825116
1803227
1809763
1812252
1828331
1810178
1803642
1821692
1815053
1825323
1817750
1805510
1807688
1846485
1840157
1824182
1795136
1808414
1823248
1821589
1808518
1826983
1793684
1807066
1829784
1801153
1830614
1822211
1816402
1797315
1797833
1810178
1816194
1820862
1801257
1816091
1839950
1806236
1819514
1808829
1804369
1816921
1813912
1781651
1819825
1804265
1815261
1822833
1828643
1827294
1800738
1812460
1830199
1801464
1832273
1822522
1826257
1828643
1824804
1805717
1811526
1807481
1823248
1825945
1836630
1810281
1830510
1810489
1800427
1841195
1804369
1835800
1822833
1803124
1815676
1843477
1806547
1802398
1803746
1807792
1800738
1818165
1823871
1806443
1813497
1830614
1824078
1815987
1829058
1823248
1805717
1812045
1821174
1820344
1831236
1793476
1806236
1825531
1804680
1838290
1818995
1849805
1843580
1821381
1804472
1813497
1812667
1825531
1821070
1804161
1801049
1810489
1832273
1792854
1851153
1817647
1817232
1833622
1822107
1827087
1803642
1818684
1819099
1826983
1812149
1808518
1806651
1819721
1812252
1799182
1802709
1811215
1805717
1801879
1807273
1854058
1817543
1796070
1805510
1805925
1814327
1833414
1830614
1778331
1841609
1822211
1828954
1806236
1825323
1804991
1822626
1808414
1797522
1817750
1799286
1825116
1805198
1824493
1809763
1804057
1821070
1821070
1811423
1823145
1820966
1799908
1814950
1837253
1832896
1824182
1831547
1848767
1814120
1797937
1802709
1824286
1829576
1797107
1802709
1803124
1829265
1808414
1825634
1787149
1794825
1814223
1807688
1838809
1803331
1806028
1826257
1813808
1809970
1828435
1781443
1846589
1787667
1787149
1819306
1805925
1799493
1825427
1822004
1786422
1824908
1820344
1816194
1786941
1837045
1808414
1803850
1817439
1825738
1831029
1819618
1818062
1795862
1812149
1796277
1808622
1797003
1800323
1828746
1838082
1823767
1818995
1822418
1785385
1815987
1840676
1775012
1816817
1830095
1818477
1820033
1791817
1801049
1841402
1796485
1804472
1792854
1829161
1789949
1800738
1798041
1827605
1815365
1834141
1813601
1832481
1813290
1820655
1814223
1817232
1819929
1811838
1785385
1799493
1817647
1817854
1823767
1827398
1817232
1821692
1814327
1840157
1821900
1826775
1802813
1787356
1804680
1807377
1798663
1832999
1800219
1804057
1805925
1804576
1829058
1804161
1827502
1825219
1787252
1804576
1792543
1800427
1817543
1800530
1807066
1811838
1839846
1831962
1801464
1797003
1828746
1812564
1799804
1805198
1815365
1785074
1855406
1801775
1814120
1814950
1796173
1822004
1826775
1807688
1831443
1814535
1809140
1811215
1796796
1808311
1830095
1838601
1811734
1817439
1806547
1800323
1810904
1825219
1807377
1805925
1841713
1797937
1831547
1800842
1833829
1800530
1805095
1818580
1817439
1804576
1827294
1809970
1801257
1821070
1808725
1823871
1843477
1826568
1814742
1836630
1803850
1809037
1820344
1809244
1818684
1805717
1801879
1837149
1822107
1800427
1820862
1815676
1813082
1814535
1836630
1829472
1817128
1788705
1822107
1854161
1821277
1807481
1813601
1814223
1816402
1808829
1818062
1831651
1825116
1802501
1812460
1817647
1815468
1795655
1828954
1811838
1815261
1800115
1804369
1831858
1803331
1806443
1832066
1816194
1804887
1835593
1799493
1799078
1805821
1824182
1828643
1807377
1814638
1825531
1801568
1831962
1816506
1802501
1801360
1793684
1801568
1835385
1806547
1822315
1817232
1816402
1829265
1818373
1813912
1794203
1819929
1805925
1829265
1819099
1774493
1832585
1810074
1815053
1815676
1811838
1832273
1797833
1810281
1830717
1802294
1811941
1781858
1802398
1801257
1805717
1813705
1804057
1829784
1830406
1832585
1812667
1800530
1799908
1813497
1807584
1795655
1797003
1810489
1820551
1817128
1809555
1805925
1835385
1815053
1831443
1809037
1814950
1805717
1828850
1828331
1828124
1809348
1800530
1790779
1806754
1790883
1811319
1815883
1804576
1804784
1831236
1814016
1836423
1819203
1803642
1819410
1813705
1819099
1833103
1811319
1818891
1816817
1813394
1803850
1832585
1845966
1826568
1829784
1802709
1816817
1810593
1811630
1802916
1810696
1813290
1779680
1840780
1811215
1819514
1791505
1815468
1785074
1815157
1821485
1814431
1797522
1822522
1788705
1818788
1809037
1815572
1817232
1785489
1829472
1807377
1808829
1812460
1823663
1795240
1833726
1831547
1817128
1818580
1829161
1822730
1813912
1812149
1829161
1818477
1819410
1815157
1787771
1801153
1814120
1798767
1849182
1809452
1825738
1820344
1826879
1810904
1819410
1812564
1812979
1809452
1834867
1815779
1804265
1831547
1829369
1817543
1843477
1797418
1805095
1826568
1828539
1820240
1831236
1800842
1823767
1821796
1797833
1819099
1815883
1801257
1813912
1820448
1833311
1813912
1800323
1833622
1799286
1848352
1812875
1818165
1827398
1809348
1810800
1826568
1802916
1812979
1825012
1819929
1819410
1839639
1796173
1811319
1815261
1806754
1814120
1811319
1794099
1804472
1826153
1815157
1822522
1810178
1797211
1822626
1799493
1814016
1811319
1825634
1837045
1797211
1819825
1823248
1830406
1823352
1812564
1788601
1785593
1832066
1829161
1812356
1814327
1816194
1817128
1826879
1826775
1788912
1822522
1812771
1810178
1801775
1793269
1818373
1817232
1799182
1817128
1788393
1812564
1803227
1804057
1811838
1821277
1814016
1788186
1813186
1821277
1795240
1829680
1829058
1821589
1815987
1832066
1825323
1809659
1822211
1810178
1806340
1824286
1801775
1829058
1804887
1824597
1824389
1809348
1825738
1826879
1798663
1810800
1823145
1817335
1815883
1799182
1845344
1812667
1817958
1807377
1819306
1815468
1799597
1826360
1802398
1810178
1794825
1796588
1847004
1791505
1816921
1832481
1845863
1819825
1820759
1812149
1815157
1818788
1828954
1821796
1811111
1818580
1820966
1820551
1809867
1834763
1821589
1826153
1814016
1801464
1816713
1805925
1806443
1816091
1791194
1829161
1809659
1841921
1811423
1803850
1805095
1840676
1800634
1804680
1821174
1820655
1796796
1824701
1822107
1837460
1812252
1806547
1831858
1799597
1809763
1851257
1803331
1809763
1824493
1820759
1815883
1818165
1807896
1811838
1803954
1807066
1796692
1848560
1818165
1794617
1825634
1815676
1816506
1811111
1794617
1808103
1800427
1803539
1816921
1805302
1793165
1794099
1817854
1819203
1793684
1819203
1823975
1814535
1802605
1801568
1788186
1826568
1808207
1808725
1818062
1803020
1838705
1800842
1801464
1818269
1797211
1830199
1823145
1801153
1839224
1823041
1803227
1799286
1800842
1788290
1828331
1807377
1826153
1825427
1812875
1821277
1833311
1808622
1814742
1798663
1831340
1806132
1815261
1804680
1812564
1819099
1814742
1800219
1805821
1816921
1832066
1817958
1808622
1814327
1785385
1844203
1816298
1813705
1816506
1815883
1820136
1783829
1810696
1821070
1830406
1824908
1837564
1822833
1807688
1839431
1834452
1822418
1846381
1799286
1827190
1830925
1818788
1820240
1847107
1815779
1795551
1819929
1795240
1832066
1809452
1813082
1811111
1817232
1827813
1825531
1817335
1817854
1786422
1810281
1806962
1797211
1806858
1796692
1798144
1808207
1810178
1813912
1796070
1808103
1820033
1811941
1829472
1808725
1808311
1836838
1821796
1819618
1839120
1803435
1816194
1822730
1818891
1808311
1789327
1803850
1815365
1812149
1794306
1834348
1803746
1825116
1789949
1827813
1818891
1821589
1816298
1805613
1817335
1800842
1809970
1839224
1816194
1816713
1816817
1815053
1795032
1807273
1847626
1815157
1809348
1801464
1840987
1810800
1799908
1793684
1833311
1817750
1829680
1845240
1806962
1812979
1813082
1818995
1794514
1794203
1798767
1814120
1823767
1824908
1809555
1821277
1830406
1821381
1822004
1809555
1816298
1826568
1825531
1817854
1840780
1802605
1797730
1825738
1805510
1813394
1808725
1800842
1824804
1826153
1833518
1798041
1824597
1816506
1801464
1815779
1802294
1832585
1814016
1798559
1825842
1794825
1829161
1808414
1828020
1815053
1818269
1815883
1805925
1802709
1811526
1814431
1806236
1821485
1811630
1812875
1798974
1782273
1866610
1813497
1815676
1822833
1814742
1807999
1830406
1801983
1839846
1821796
1830925
1808414
1827190
1837045
1813497
1819410
1810385
1822315
1808414
1863498
1826257
1794099
1822418
1802813
1813290
1818788
1826360
1816402
1806962
1789638
1821796
1816713
1830925
1814327
1809763
1814327
1816506
1803850
1785593
1811941
1825323
1807273
1817335
1809244
1808207
1824908
1831547
1841298
1807273
1808207
1793580
1808311
1809763
1813186
1805717
1786734
1835489
1810593
1815261
1822418
1820136
1804991
1840365
1812771
1820759
1821381
1794514
1818684
1779991
1809452
1811630
1810489
1797315
1834659
1810178
1823767
1792439
1828850
1779265
1832585
1816506
1802294
1839742
1822107
1818891
1823975
1825427
1811838
1798352
1813808
1811423
1818165
1809867
1815779
1810489
1810385
1814638
1824701
1820551
1828539
1836319
1808622
1820240
1828539
1802709
1809867
1786319
1815676
1837356
1800427
1805821
1818062
1810593
1795344
1824078
1807792
1809763
1792543
1832999
1814950
1816506
1826672
1820136
1824078
1816091
1809763
1819929
1827813
1821692
1836526
1819410
1817232
1811423
1830510
1809348
1789431
1813186
1858207
1825116
1809970
1819099
1815468
1820344
1827605
1800012
1812356
1822315
1812356
1823248
1805510
1819410
1811630
1832999
1820551
1824389
1833518
1812045
1800115
1823871
1796381
1824389
1827087
1822315
1823871
1803642
1815987
1799182
1844825
1825116
1815883
1812771
1804784
1827398
1789638
1811838
1808518
1808725
1825219
1827709
1819618
1818373
1809555
1857896
1808414
1817335
1799078
1815365
1829680
1838705
1802294
1806340
1819306
1824804
1818373
1814431
1813186
1836008
1800323
1804161
1823663
1822730
1806962
1806547
1803227
1803227
1828539
1814950
1803954
1819721
1830406
1820551
1812149
1823560
1801257
1806754
1810593
1825219
1784659
1814120
1809763
1822522
1828643
1807066
1791609
1827502
1784451
1803642
1811526
1813705
1811423
1831962
1823975
1820655
1809140
1794099
1835074
1807273
1802501
1838290
1797418
1807999
1811111
1804680
1798767
1801360
1781339
1821381
1830199
1824597
1804991
1817128
1831962
1786111
1805613
1804991
1784659
1782584
1805821
1830199
1779472
1813186
1811838
1806236
1814120
1810593
1836734
1809348
1801153
1822315
1829472
1832273
1817543
1831340
1820448
1801568
1793165
1832066
1821900
1816713
1835385
1821692
1803435
1823352
1830925
1800115
1829058
1803746
1826049
1816402
1817024
1798871
1841091
1815261
1821692
1807688
1798248
1820136
1822730
1810696
1848560
1776153
1805302
1817854
1830821
1781651
1804161
1796381
1821174
1823975
1818062
1816817
1826257
1823248
1815883
1818477
1810385
1855925
1832688
1820551
1801983
1819618
1817335
1818165
1797626
1814846
1820136
1812356
1812460
1844514
1814950
1801257
1799182
1812460
1847834
1832066
1801879
1813394
1792232
1820448
1810800
1817543
1803954
1831236
1826257
1813290
1832170
1813290
1797315
1826464
1847834
1800012
1823560
1840157
1795655
1797833
1823145
1806340
1799493
1816609
1811111
1807066
1834452
1820862
1822522
1817647
1806236
1824908
1801360
1818062
1822730
1828435
1839120
1806236
1805095
1810178
1803642
1796588
1846381
1803642
1815676
1812149
1815987
1793373
1842751
1814016
1814638
1796070
1805095
1811215
1815468
1829680
1806858
1800738
1788186
1812564
1817647
1819203
1813912
1804576
1827190
1827398
1832377
1807584
1806236
1804472
1823145
1800115
1824286
1826360
1852917
1825531
1825945
1804576
1812667
1827709
1824701
1824804
1823663
1822418
1844307
1794825
1818788
1813705
1821900
1848663
1798144
1803227
1824908
1802916
1811941
1831755
1820136
1811111
1817335
1801983
1814950
1854784
1800842
1811526
1805613
1795344
1823871
1813186
1808207
1805510
1807169
1829784
1828746
1820551
1831962
1832896
1823248
1814846
1823456
1822418
1832896
1800115
1814120
1805821
1803227
1794721
1815779
1810178
1841402
1799286
1807792
1803746
1818477
1814742
1837979
1815053
1832585
1803227
1809140
1805198
1811423
1803746
1800738
1819306
1818788
1840987
1826360
1821381
1807584
1821277
1825531
1806754
1828228
1823248
1816298
1818165
1804784
1813394
1818580
1830302
1792024
1820966
1795759
1829680
1810074
1824286
1839742
1823145
1846278
1846693
1804161
1819514
1811941
1788186
1811526
1820136
1848145
1821381
1824078
1801879
1811423
1836215
1811215
1802190
1810696
1847419
1815365
1845344
1823975
1813290
1791713
1791505
1826153
1795344
1831651
1829887
1810178
1806443
1786215
1813705
1808414
1804887
1809140
1832170
1820759
1789016
1826775
1823871
1827502
1821589
1814327
1812875
1793580
1794203
1811734
1818788
1820655
1807169
1816298
1807999
1823663
1818995
1813912
1800945
1837045
1822211
1834037
1833933
1807377
1809244
1819618
1821589
1808829
1795759
1816713
1840987
1815261
1821070
1806962
1799389
1824182
1809970
1800945
1805821
1801671
1804680
1817854
1823352
1817958
1801775
1828643
1819410
1802605
1800738
1824182
1819203
1826568
1818373
1819410
1801464
1815883
1805302
1822730
1823352
1834867
1818165
1813394
1823663
1804472
1810593
1798248
1796173
1838705
1826257
1808829
1806754
1828228
1829265
1824597
1810800
1784140
1823767
1809348
1813082
1801568
1804576
1811838
1804887
1815572
1831029
1839535
1822107
1817647
1822522
1826049
1830614
1818684
1817335
1817439
1820862
1832377
1810904
1824389
1835904
1822937
1842958
1842128
1795447
1800115
1804887
1813082
1809140
1823041
1811734
1827294
1804057
1815987
1820136
1805510
1818580
1807273
1841195
1812460
1851361
1825531
1820344
1821070
1811526
1821381
1804887
1831029
1821900
1829576
1812460
1811941
1826153
1814016
1809244
1831962
1825634
1811215
1827605
1811008
1811941
1820136
1805198
1825012
1818373
1816194
1803227
1798974
1840468
1793995
1799182
1835074
1812564
1820862
1811319
1812356
1818580
1829784
1824389
1821692
1807273
1800738
1818891
1820448
1839327
1822315
1816609
1828643
1837253
1815261
1824701
1825945
1817439
1800945
1811526
1817232
1824701
1812979
1820136
1828746
1827398
1826879
1793269
1798767
1797522
1824597
1822418
1796588
1824078
1802190
1806443
1821174
1848560
1801464
1820966
1818165
1827087
1781132
1819618
1816817
1806651
1827294
1826360
1791713
1815987
1847315
1813290
1788912
1821589
1818269
1805510
1810800
1838290
1809763
1819721
1828539
1816091
1840261
1819203
1819203
1815883
1830406
1826049
1820448
1832481
1826153
1804369
1824597
1822315
1828643
1803539
1793269
1799078
1808311
1822004
1806028
1822626
1784036
1813497
1807584
1802916
1822730
1830095
1801257
1809037
1793165
1831132
1811734
1788912
1812875
1821692
1831547
1827087
1805095
1814950
1806547
1824701
1836008
1815987
1805717
1815261
1796692
1853124
1819825
1813394
1807999
1801049
1830199
1814431
1804472
1817854
1831029
1811734
1803954
1819618
1818269
1831443
1842958
1811941
1822626
1815468
1851776
1835178
1832792
1822833
1811319
1799700
1793788
1806028
1819410
1827190
1822626
1821900
1816402
1816817
1825323
1817647
1818891
1829784
1807896
1823767
1813082
1816817
1802709
1794825
1805406
1807688
1825738
1805302
1808622
1818269
1810904
1819410
1812045
1804784
1785074
1806236
1828020
1782377
1794203
1798041
1833311
1815676
1822107
1804265
1800219
1804991
1809763
1799078
1817335
1815365
1841921
1817854
1823663
1822418
1821381
1836838
1797522
1816609
1809140
1842024
1830302
1832170
1828020
1809037
1841298
1812667
1811111
1814950
1820655
1810489
1816713
1836215
1825945
1834348
1814535
1805198
1807792
1815883
1823767
1804265
1832688
1803020
1797626
1809452
1795344
1843788
1810281
1803850
1824286
1815779
1802398
1814431
1804680
1816298
1817024
1805717
1843373
1813290
1819306
1806754
1810178
1793373
1810800
1821692
1805925
1822522
1820759
1826464
1845344
1811941
1822833
1788705
1836838
1835385
1806028
1795759
1818477
1812771
1822004
1828539
1826464
1823352
1805613
1808103
1832585
1827294
1812149
1827502
1811008
1835178
1808311
1789949
1815157
1830406
1782377
1816713
1820448
1797211
1802813
1818684
1835385
1839742
1834348
1823041
1830406
1784970
1822211
1818891
1822937
1829576
1815883
1819099
1819099
1822833
1812564
1821070
1811111
1804784
1812979
1803746
1805198
1809867
1799389
1819410
1815053
1807481
1805095
1807273
1816817
1828954
1801257
1814535
1836215
1834141
1815468
1832481
1788290
1824182
1818580
1807584
1803331
1809763
1817854
1820448
1810074
1827916
1815157
1816402
1809970
1796070
1826464
1807792
1818373
1850220
1805925
1811215
1825945
1826568
1812771
1808103
1797937
1804991
1818269
1814327
1806028
1815365
1816609
1818891
1833207
1816921
1807792
1794617
1819306
1813705
1823663
1830199
1836526
1808518
1834763
1835385
1815572
1813808
1828539
1837045
1811526
1827605
1817024
1815261
1829265
1802294
1801983
1804784
1815053
1820862
1806962
1817024
1814120
1836526
1808103
1818891
1792958
1822315
1802813
1822937
1825012
1804369
1823248
1815468
1830717
1821692
1801983
1824493
1826879
1810593
1806754
1826775
1797937
1807169
1801153
1828643
1836526
1813394
1806340
1826879
1810904
1803954
1820240
1829784
1813601
1802398
1812667
1815157
1804472
1812460
1817128
1800012
1785800
1816194
1817128
1805406
1814742
1845966
1809763
1825531
1831443
1816091
1822730
1812979
1839224
1817128
1808622
1820759
1821692
1828124
1823975
1821900
1829265
1790883
1808622
1823041
1807169
1812771
1838809
1810489
1816091
1804161
1809244
1809244
1797522
1805925
1804265
1816817
1824908
1837875
1838497
1833207
1813705
1833726
1813705
1851049
1792439
1814431
1826153
1812979
1797833
1814016
1804265
1812252
1813186
1820240
1836008
1800427
1825427
1821174
1828643
1795759
1817958
1808311
1816921
1813601
1814638
1815365
1822522
1831132
1833622
1814742
1826049
1800115
1798041
1827087
1819203
1832273
1782169
1834452
1818891
1806443
1828124
1822418
1819203
1808933
1819618
1834763
1807792
1775323
1801671
1804784
1807896
1817439
1810074
1809970
1812564
1804576
1799597
1824597
1803954
1818580
1843788
1834970
1830717
1799908
1837149
1811941
1839950
1805406
1825116
1813808
1803539
1844618
1794929
1786319
1823560
1807999
1831962
1825116
1808311
1825219
1831858
1815676
1826775
1805095
1818373
1801049
1822626
1807688
1800530
1800012
1823871
1821796
1800634
1800427
1799908
1843580
1805821
1809867
1815157
1812564
1789327
1793061
1824493
1807377
1821070
1799597
1811630
1804472
1787978
1828850
1813290
1823248
1813808
1815779
1812252
1825842
1807273
1810489
1804576
1801257
1828746
1808933
1816091
1806443
1813290
1813186
1804472
1838186
1831651
1837356
1797418
1824286
1828435
1816402
1816402
1807792
1825531
1817647
1811215
1806443
1784970
1808207
1810074
1817232
1802086
1798041
1809348
1809867
1825012
1816817
1814120
1822626
1786734
1799182
1818269
1825219
1823456
1826464
1804161
1840987
1810385
1796277
1796796
1815883
1800842
1816194
1816713
1808103
1814535
1803227
1825219
1814638
1821900
1838290
1833311
1834659
1799700
1799908
1826983
1817232
1816091
1799182
1800012
1804576
1816609
1793684
1841298
1818580
1808829
1811008
1816713
1802605
1812875
1791817
1817128
1810178
1794514
1806858
1810281
1821692
1802398
1810696
1812875
1815261
1798974
1826568
1807273
1794099
1815987
1840365
1823248
1806754
1819306
1828331
1818062
1818477
1791713
1829680
1817439
1789327
1818995
1817232
1817335
1791298
1794203
1821692
1822004
1798559
1832792
1826153
1823456
1786526
1817024
1840987
1813912
1814742
1831132
1820033
1808933
1814846
1832792
1805510
1813912
1809555
1809763
1809140
1812667
1828020
1810593
1822730
1821692
1846381
1799182
1800323
1810800
1805613
1821277
1795966
1840365
1810696
1816609
1819929
1832688
1819410
1811838
1820551
1824908
1829991
1812356
1800323
1840261
1813912
1847211
1817439
1824804
1810593
1817750
1812875
1829058
1804161
1823560
1804784
1813705
1838705
1809970
1829887
1810178
1807377
1842439
1824804
1805925
1817958
1806443
1813912
1831340
1823560
1803954
1808933
1840365
1831132
1818269
1828850
1822626
1804161
1825945
1819721
1809555
1821277
1822211
1782999
1824908
1833414
1813705
1814742
1804784
1824701
1807273
1800427
1799700
1842024
1815779
1811630
1821277
1798144
1801879
1797418
1827605
1812979
1817543
1833311
1818373
1829369
1775841
1786526
1824908
1780302
1817439
1787978
1787149
1835074
1812979
1830199
1805302
1813394
1818477
1824804
1815053
1800530
1830614
1792854
1809244
1823352
1816402
1792335
1790572
1845759
1811008
1829161
1813912
1823767
1817854
1833933
1820344
1818165
1792335
1819203
1813808
1806340
1847730
1831547
1833726
1825531
1815261
1798456
1820033
1833726
1814950
1827087
1830406
1804057
1804680
1809659
1830510
1823767
1813186
1820344
1814223
1837875
1822211
1825945
1817232
1797522
1805821
1824286
1830199
1794514
1791713
1797107
1818684
1832999
1809555
1815572
1830614
1778124
1829472
1799182
1819306
1816713
1812771
1800738
1820862
1807273
1809867
1812149
1822937
1831443
1809555
1800427
1819929
1835385
1831858
1804680
1831651
1839742
1809763
1827916
1797418
1796381
1827087
1812771
1812979
1805302
1795032
1826360
1814120
1816194
1812979
1818062
1804991
1809244
1809452
1799908
1803435
1816298
1839535
1821485
1808103
1811319
1825219
1826360
1812564
1831236
1829991
1820033
1829680
1790261
1794306
1815365
1802190
1815468
1812356
1821692
1820344
1819410
1809244
1807688
1811111
1815261
1816921
1819929
1802086
1830406
1818165
1812564
1816091
1830821
1816817
1816194
1823975
1823767
1836526
1814535
1814638
1801360
1804680
1806340
1809244
1831443
1803954
1807999
1821692
1815572
1826257
1812252
1825116
1830095
1794410
1805925
1834452
1809763
1818788
1797522
1823248
1827709
1815572
1787045
1812460
1830095
1821381
1796796
1798559
1784451
1846485
1822626
1836734
1830406
1816609
1793995
1801153
1837771
1841195
1808518
1834763
1822833
1798248
1812045
1817543
1815779
1801671
1839846
1814638
1830406
1818995
1819825
1814950
1828228
1821174
1826983
1815261
1826568
1795966
1812564
1796692
1829576
1796381
1808207
1819618
1817232
1802190
1832066
1807792
1808207
1790157
1804369
1811111
1805095
1809555
1821900
1825323
1808311
1804369
1845966
1815261
1845448
1814016
1825634
1817335
1813808
1811526
1803539
1805717
1811941
1809037
1823248
1808518
1831755
1804161
1846589
1799700
1833414
1819618
1826983
1827398
1835489
1822418
1836526
1823871
1838290
1830406
1825116
1823352
1807999
1830302
1825219
1786941
1819410
1786526
1809348
1814638
1818995
1843269
1814742
1838809
1837356
1820344
1827294
1806547
1838290
1822730
1834659
1800427
1822522
1826464
1820551
1819721
1811423
1794306
1799597
1809659
1826464
1804784
1828539
1837356
1812460
1826360
1778124
1813808
1812460
1822833
1804472
1811008
1810385
1824908
1802190
1829576
1824078
1821692
1793373
1820966
1812356
1799286
1826464
1818165
1811423
1826464
1808414
1824804
1799182
1810593
1826672
1794617
1782169
1804161
1823248
1809555
1815676
1813497
1802916
1811941
1809348
1815468
1819203
1791090
1817750
1821796
1814016
1792232
1831443
1797522
1802916
1802605
1833518
1805510
1812460
1821485
1790883
1817543
1826049
1797003
1804887
1818684
1803331
1794617
1823871
1829887
1831132
1781858
1788082
1818269
1830821
1816506
1806443
1803331
1805717
1820655
1806340
1801360
1821589
1807792
1800945
1819721
1824182
1816194
1820551
1843892
1793891
1807273
1799908
1839535
1825945
1806547
1801360
1794617
1829369
1808103
1831340
1798041
1808207
1808933
1804784
1826879
1817647
1813290
1826775
1788808
1821589
1792439
1822107
1834452
1852190
1817335
1811838
1817647
1816817
1818269
1789949
1811008
1810489
1832999
1818891
1836215
1800530
1805095
1812252
1824078
1816817
1816298
1812149
1817750
1805406
1839742
1820240
1798559
1822522
1811838
1826672
1806236
1809763
1827398
1846900
1817647
1818580
1832377
1803124
1795032
1816817
1809555
1823248
1823352
1792854
1819410
1795344
1809970
1811838
1812979
1809970
1815261
1807999
1806962
1825634
1803746
1798974
1829887
1802813
1796796
1810178
1816506
1820551
1809970
1800115
1805095
1810904
1809867
1803850
1839120
1807481
1825945
1804057
1813912
1831443
1770655
1796588
1819929
1823248
1813912
1836319
1822730
1829058
1842336
1840780
1790364
1816609
1801464
1807273
1821381
1818373
1793165
1811319
1798248
1800842
1790261
1799286
1844929
1822004
1822418
1814846
1801879
1785904
1802086
1830717
1814950
1808414
1818269
1823767
1802086
1842128
1831443
1829991
1793788
1813808
1812149
1818477
1807169
1815261
1813497
1833414
1813290
1828124
1829265
1814327
1831755
1809348
1795447
1801153
1820966
1810074
1835074
1804784
1810800
1814223
1810593
1811008
1813082
1807688
1814535
1814120
1806651
1831858
1791920
1807688
1820448
1791298
1800634
1814638
1830406
1807273
1812667
1793476
1817024
1792232
1834037
1818269
1789327
1810281
1809244
1822833
1796588
1816609
1828746
1832896
1821174
1806236
1811423
1821692
1841402
1814327
1822315
1804472
1809763
1849078
1789431
1813290
1816609
1836734
1804887
1795551
1797211
1822522
1835593
1814950
1796173
1814223
1806340
1822626
1808103
1815676
1794825
1826775
1804680
1827190
1795551
1820759
1801983
1813705
1831029
1841921
1822418
1815053
1829265
1786422
1809348
1817543
1809244
1804784
1817128
1798352
1809037
1811423
1852294
1796485
1830717
1790364
1795862
1796796
1798144
1814846
1802813
1822833
1828954
1804057
1811630
1796277
1810800
1811630
1823560
1806962
1819929
1813705
1835385
1819203
1813912
1819306
1795655
1804680
1806132
1827502
1810800
1816817
1812356
1835489
1814950
1816194
1798352
1796796
1799389
1834763
1795759
1819099
1801568
1815468
1810281
1821485
1822730
1808829
1810800
1821692
1816402
1791817
1803435
1809037
1808518
1811838
1815779
1821174
1805717
1809452
1806547
1819618
1833726
1805198
1827087
1821381
1818165
1811838
1824908
1802086
1799078
1787149
1806858
1822107
1820655
1830199
1805717
1826257
1787875
1797003
1833414
1787149
1819929
1802398
1811215
1823871
1836734
1801671
1794410
1806028
1846174
1807792
1823767
1807273
1809555
1807169
1819929
1815572
1803227
1810385
1831651
1809867
1825427
1818995
1798041
1822107
1800738
1837875
1793684
1825738
1828435
1817958
1807273
1812149
1806754
1830406
1810489
1836734
1819099
1804991
1802294
1812149
1821692
1803954
1832170
1823352
1812252
1829576
1813912
1799700
1818165
1816402
1820240
1802086
1812045
1818477
1812149
1776049
1834970
1806858
1836319
1813082
1812564
1801879
1832481
1825219
1808311
1832066
1808829
1822107
1828124
1801775
1816298
1815572
1814638
1808622
1814535
1817024
1834348
1832273
1833518
1809452
1805406
1827398
1810489
1817232
1854058
1852813
1797315
1808414
1830095
1810904
1792128
1849078
1824182
1813082
1806858
1828746
1828331
1793684
1816609
1805613
1809659
1803331
1799182
1790468
1805510
1824078
1813186
1800219
1837045
1792543
1810696
1801568
1812771
1826360
1821277
1823352
1806858
1824804
1816091
1804057
1828954
1822418
1823663
1837771
1820344
1830095
1818165
1812875
1813290
1812979
1821070
1795136
1809140
1821070
1826257
1814016
1815676
1824286
1831443
1820136
1818165
1825012
1838186
1792750
1820033
1828435
1830821
1812356
1809452
1827398
1825634
1797937
1802190
1836215
1832999
1804472
1826672
1807792
1835593
1830510
1826775
1823145
1810281
1820655
1822626
1810800
1823352
1835178
1827605
1825531
1800115
1817024
1818580
1796588
1805717
1814638
1811111
1815779
1788808
1853020
1850116
1802605
1835074
1809244
1805302
1836526
1809244
1842128
1796173
1802709
1816194
1813705
1818788
1817750
1851257
1811526
1822522
1832896
1824804
1811734
1808518
1810593
1835697
1807688
1806858
1842543
1800945
1828539
1816817
1809867
1823767
1819410
1812979
1802916
1808725
1824597
1794203
1815883
1817543
1821277
1815468
1828643
1836008
1797315
1816091
1797003
1820448
1842958
1833518
1853850
1814327
1820136
1815779
1818477
1820862
1792750
1841298
1821589
1785593
1833933
1809555
1812771
1822315
1826049
1793476
1827087
1810800
1830095
1791505
1815261
1822107
1810593
1784451
1810489
1819099
1826464
1809244
1826568
1826775
1799597
1802501
1816402
1798248
1798456
1795240
1820655
1807792
1805095
1809244
1790572
1817232
1815883
1826568
1828331
1834348
1817647
1819514
1802398
1827916
1814431
1821174
1807688
1829991
1840261
1807066
1805925
1817750
1825323
1833311
1808207
1822004
1813497
1808933
1831858
1812979
1829887
1819514
1819825
1810489
1830717
1806858
1826464
1825219
1795551
1822626
1790779
1824182
1786111
1831858
1802501
1792128
1811008
1814016
1834763
1846174
1796796
1818580
1818580
1833414
1821692
1826153
1828331
1807066
1824286
1792439
1803539
1794929
1813082
1818684
1823560
1803227
1816609
1824286
1786630
1804887
1793891
1818891
1822833
1806236
1817854
1821589
1802605
1797626
1827916
1813808
1817958
1773870
1807273
1797003
1840987
1795551
1824701
1803539
1806443
1842439
1825738
1797833
1833103
1809867
1820240
1812667
1812979
1814431
1808311
1794617
1812252
1800115
1812356
1815261
1780821
1801671
1827916
1821070
1839224
1832170
1812149
1822937
1824493
1810489
1805717
1814535
1806962
1789431
1813601
1813082
1822418
1810489
1812460
1843580
1805925
1814327
1814223
1821900
1800634
1823560
1816506
1791090
1812045
1798144
1817958
1829161
1801671
1814223
1810593
1818269
1810489
1815779
1810904
1836838
1808103
1809555
1814742
1813705
1827605
1826257
1811630
1818891
1847937
1822004
1812149
1839535
1838497
1812460
1816402
1839742
1808207
1800115
1813601
1819514
1828850
1797003
1795551
1787978
1826153
1822418
1801153
1796692
1810904
1816194
1798248
1810593
1812771
1800115
1813497
1814223
1797211
1789120
1803954
1817024
1806236
1818062
1833518
1820344
1820136
1810178
1793891
1813912
1821485
1824286
1818165
1832585
1826257
1823145
1811423
1809244
1794099
1836319
1816402
1834141
1800945
1820448
1793684
1812979
1808103
1812667
1803020
1826049
1804576
1827709
1803850
1811215
1827916
1819099
1799078
1832585
1809140
1793165
1827502
1810800
1797730
1825219
1818788
1850012
1800530
1799908
1813186
1817439
1806340
1823041
1794825
1803124
1797211
1820344
1847522
1815365
1827605
1802709
1817854
1797315
1828643
1809659
1838394
1813808
1799286
1805095
1803124
1820966
1796900
1816194
1802813
1811319
1800012
1812460
1822004
1793788
1839742
1820862
1809867
1810178
1787045
1805717
1800219
1817854
1825323
1818788
1820448
1839327
1820344
1840572
1823767
1824597
1815053
1824804
1818580
1803539
1824701
1812771
1814016
1810074
1827087
1835282
1827190
1811630
1806340
1831962
1799700
1820136
1815261
1800323
1838082
1804265
1805717
1795240
1817439
1823767
1815987
1821277
1810593
1818269
1810281
1820551
1822418
1803435
1809659
1813601
1850738
1828746
1817750
1818477
1811319
1823352
1813290
1828228
1833518
1821174
1822730
1812149
1817335
1809970
1812460
1819514
1793165
1814535
1826775
1818477
1807481
1790157
1825427
1826568
1819306
1828228
1802190
1801153
1826049
1822937
1828331
1820759
1815053
1825945
1815468
1796692
1801049
1812460
1819721
1827916
1824286
1815468
1810593
1818788
1816091
1775115
1809659
1839327
1837253
1803746
1804991
1809452
1797937
1823871
1802813
1819721
1823041
1818580
1825116
1819203
1813705
1824701
1819306
1779991
1835074
1832170
1797833
1826672
1821692
1834556
1807377
1791298
1818788
1822730
1832273
1809037
1806962
1819929
1816194
1800945
1828435
1827398
1820448
1815676
1844099
1809970
1829784
1807377
1792335
1802086
1815987
1828228
1811215
1818788
1804472
1810178
1816091
1829472
1822107
1829576
1826464
1825945
1812979
1818995
1814327
1797003
1807273
1792024
1818062
1822626
1801360
1797522
1814016
1820344
1812460
1798041
1810074
1826672
1824078
1828331
1822315
1818477
1839224
1794203
1805406
1844307
1819306
1844307
1837771
1831236
1812460
1845136
1815572
1838601
1809970
1801775
1836215
1806858
1806340
1822315
1804576
1823560
1813705
1826153
1825842
1802501
1810385
1803020
1840883
1818995
1823975
1840365
1799804
1829784
1801360
1822004
1811526
1832896
1816091
1806651
1829472
1804991
1821070
1823560
1816402
1802813
1837564
1840053
1834763
1831651
1821174
1851049
1773974
1833933
1853435
1839742
1792750
1803124
1813394
1806443
1811215
1826775
1820862
1812149
1794929
1828228
1814120
1819929
1807688
1824286
1826360
1814846
1833622
1816506
1794514
1815468
1818995
1797730
1810904
1811526
1823663
1813082
1822211
1807792
1821900
1828435
1823975
1789949
1802294
1812045
1800115
1840883
1818580
1810178
1805510
1830302
1810696
1812875
1821277
1819099
1805717
1812667
1792439
1799182
1841609
1810489
1829161
1818995
1795344
1816921
1842751
1822004
1811941
1786422
1823871
1812356
1823871
1823456
1806858
1820862
1809452
1798144
1827190
1801568
1819306
1836008
1791402
1817335
1788497
1830406
1822522
1783933
1811008
1798663
1807688
1802813
1802190
1803642
1831132
1833414
1809763
1814431
1794514
1831858
1797937
1825945
1828954
1804472
1852709
1826568
1812460
1804784
1806132
1815053
1791505
1821381
1802813
1833207
1814742
1818165
1828539
1801775
1813808
1821900
1810074
1825842
1818684
1821070
1810593
1828020
1815987
1822107
1798871
1815676
1846589
1840987
1800634
1813497
1818062
1817543
1804265
1813290
1806132
1828331
1822107
1800427
1845448
1806754
1832481
1820862
1845344
1819306
1799286
1814846
1827087
1828746
1822833
1832896
1797833
1795966
1835178
1824389
1822833
1830925
1814638
1827813
1795447
1821485
1825116
1808414
1813186
1798041
1805302
1798352
1820448
1818062
1815365
1813497
1827813
1827087
1811215
1808103
1790053
1817543
1809867
1840883
1813497
1816091
1804265
1810800
1818062
1814016
1830510
1816609
1796173
1810074
1806962
1816921
1806754
1797418
1815987
1812045
1814950
1826464
1817647
1812875
1828539
1809763
1812356
1797003
1816194
1798248
1788290
1801049
1810281
1821277
1812771
1794514
1801671
1831340
1792232
1826153
1822833
1848975
1805302
1825531
1824701
1821277
1836526
1809659
1768684
1805095
1804576
1785178
1804369
1832792
1835282
1810489
1816402
1816298
1824389
1803746
1829576
1834348
1841195
1825634
1831132
1804887
1822730
1843166
1851776
1808518
1813808
1819825
1815779
1808414
1823456
1808725
1814120
1834970
1810904
1851049
1798871
1817335
1837668
1817750
1800012
1799700
1809452
1795032
1815779
1802086
1818269
1815572
1839431
1813912
1804991
1820551
1838497
1818788
1842958
1846485
1818891
1820033
1816817
1820240
1805406
1809037
1820551
1802813
1828954
1802916
1825116
1779680
1807792
1795032
1804576
1823145
1823663
1797626
1795240
1831858
1831029
1792958
1807999
1803746
1834037
1806651
1805613
1785696
1806858
1814016
1817024
1824389
1821381
1812979
1819306
1833622
1834763
1788705
1791505
1858933
1841195
1815365
1840468
1823041
1838809
1808311
1792439
1807377
1828435
1836215
1828435
1794825
1816506
1831962
1814846
1813290
1825842
1838186
1828435
1830095
1815365
1813601
1816817
1811734
1825323
1826568
1795655
1830510
1808207
1817024
1818477
1814431
1834141
1806340
1810385
1784763
1797522
1826672
1820240
1799700
1796692
1841609
1819721
1831962
1834970
1834763
1792232
1809763
1848456
1841195
1813186
1805095
1818165
1822004
1803331
1808311
1819929
1795655
1796381
1811941
1812356
1837356
1809867
1795136
1825634
1788393
1826257
1798352
1792024
1784140
1814431
1811630
1803642
1813290
1815261
1795966
1805821
1822418
1818891
1806028
1807896
1818477
1825531
1817232
1797626
1820448
1797003
1797315
1797833
1805717
1807169
1834659
1822211
1821381
1821900
1806547
1821589
1813290
1790261
1809867
1806028
1812564
1826153
1822833
1809140
1814638
1819099
1817439
1821900
1812667
1804472
1826568
1796900
1837564
1795032
1814016
1780095
1818788
1812045
1829887
1808103
1803124
1815987
1816298
1846796
1830510
1808725
1828850
1835489
1843269
1805198
1816506
1816713
1828746
1798663
1828850
1816402
1833518
1801464
1826360
1779576
1788808
1825945
1831029
1836008
1797107
1832170
1811423
1822522
1811941
1805406
1836526
1820551
1826672
1823041
1817439
1813186
1815157
1820240
1806236
1830821
1809037
1805406
1811008
1811734
1836319
1823145
1816609
1795551
1812979
1839327
1820240
1825219
1810074
1821070
1822004
1825323
1790883
1811526
1808518
1795136
1797107
1815365
1811111
1818580
1819618
1825427
1817647
1818684
1807584
1790676
1818062
1807896
1829161
1798041
1801464
1821796
1809037
1829991
1825012
1814638
1816194
1814742
1802294
1814016
1813601
1802709
1801775
1817024
1822315
1847419
1833518
1820966
1806132
1808933
1814327
1821070
1804265
1838705
1818373
1829472
1786422
1814431
1806547
1791402
1831236
1821589
1824908
1808829
1807273
1818891
1811423
1819203
1813082
1795966
1810178
1811941
1817439
1810074
1824493
1788186
1811423
1832999
1821796
1837668
1820966
1824493
1820966
1828331
1843684
1811111
1830510
1816506
1812149
1802294
1807688
1827605
1829265
1810074
1823041
1842647
1819203
1814431
1816506
1814327
1810489
1829265
1789223
1790676
1843995
1792335
1787667
1813705
1794306
1793995
1827605
1799182
1821070
1840572
1834037
1811838
1809348
1806132
1818580
1804991
1807999
1824286
1804369
1797937
1828331
1810281
1817647
1809037
1814327
1792128
1840780
1823456
1825945
1819306
1798144
1820448
1813186
1789327
1823456
1852294
1816194
1798871
1808311
1813601
1843684
1804265
1788082
1822107
1813290
1799389
1830302
1787045
1832377
1823352
1792024
1797315
1847107
1810489
1818477
1803539
1788082
1781547
1792647
1811423
1814327
1845759
1831132
1800323
1827190
1809555
1823663
1841609
1815779
1830821
1820655
1791194
1838186
1822315
1818995
1818684
1822004
1815157
1809140
1822211
1841921
1816091
1816194
1829472
1813497
1821900
1824597
1819099
1805302
1809970
1821485
1822833
1795551
1836423
1824182
1829265
1840883
1812771
1823871
1827190
1826879
1813394
1820136
1827916
1803954
1821381
1810904
1811111
1835593
1801360
1807066
1828643
1825634
1808414
1810281
1781754
1818580
1827087
1790053
1795862
1789742
1815676
1792024
1825945
1823663
1818788
1811319
1826464
1823352
1785593
1837356
1809140
1808414
1812667
1813186
1819618
1824389
1824389
1825323
1802916
1825219
1801153
1850634
1795240
1810281
1826153
1833207
1813394
1817128
1817024
1786837
1807688
1814950
1787252
1801360
1810696
1831340
1843166
1804265
1822833
1794306
1803331
1802813
1822004
1794929
1832273
1797626
1834867
1796692
1842647
1804472
1789120
1808414
1839742
1801464
1810904
1815468
1796692
1810489
1818684
1811423
1819306
1800219
1821381
1802605
1822418
1825945
1823456
1824908
1796173
1796381
1826672
1803539
1833829
1800530
1826049
1809140
1814120
1810593
1804680
1825842
1814016
1794617
1793788
1818788
1798974
1823767
1823975
1807169
1834141
1832585
1797730
1823663
1815987
1819825
1829161
1822522
1823456
1821070
1800842
1804369
1820136
1818373
1808207
1814016
1809140
1811526
1813808
1811526
1804472
1817854
1811526
1828850
1806547
1802398
1817854
1816194
1789327
1832273
1827398
1819721
1809244
1800323
1831443
1817439
1816921
1816817
1820448
1811630
1824286
1798767
1793580
1837149
1843062
1837253
1837356
1821174
1820136
1803954
1809037
1826568
1803954
1805510
1838809
1817439
1854576
1832896
1798663
1807273
1830925
1817750
1831651
1832273
1829472
1831236
1807481
1783207
1823663
1804680
1814223
1802294
1795655
1802916
1812149
1836941
1816921
1816402
1790987
1824701
1830614
1793891
1823663
1825634
1826672
1828331
1822833
1798974
1797315
1818684
1804887
1818165
1839120
1840468
1828020
1816194
1803020
1819099
1845863
1810074
1837979
1781754
1809555
1798456
1823145
1808725
1848767
1807481
1838497
1800842
1805406
1824701
1803539
1815883
1815053
1817958
1804472
1823767
1802605
1807066
1780406
1819306
1813912
1792750
1814431
1790779
1816921
1811734
1800323
1828124
1832481
1823456
1813290
1808933
1791298
1829369
1830821
1806132
1813290
1811008
1824389
1808829
1819306
1790572
1827502
1802813
1825738
1823871
1827190
1812667
1811215
1839120
1813912
1811008
1830717
1812771
1826983
1818477
1806443
1816609
1810800
1806754
1800634
1837979
1821381
1803227
1819203
1845344
1807481
1816091
1807066
1806547
1821277
1813912
1840883
1827294
1821174
1827709
1795240
1847107
1812667
1824182
1812979
1816609
1811111
1828850
1818788
1822315
1837045
1836526
1824908
1787875
1830406
1839950
1801257
1784451
1813082
1812460
1802190
1816713
1796277
1802501
1833414
1825531
1816194
1815883
1814638
1801671
1800842
1826568
1802190
1811008
1798871
1820240
1825012
1813082
1833933
1819721
1800842
1826360
1822730
1824908
1801257
1825634
1785489
1836008
1816402
1826153
1822107
1784140
1817439
1824701
1822937
1830925
1793061
1801257
1819721
1831547
1821485
1812045
1816506
1791817
1805717
1815987
1829265
1816713
1830510
1827502
1790364
1790053
1809555
1801464
1822004
1825634
1825842
1826153
1822833
1798041
1793995
1811319
1810800
1808414
1807584
1836734
1810593
1791298
1786630
1803954
1819514
1821277
1827605
1812252
1798041
1818269
1835697
1825116
1794306
1815157
1808103
1809037
1798352
1814120
1825427
1801464
1819514
1819618
1808518
1838082
1824182
1831858
1829784
1820344
1814950
1794721
1824701
1833518
1797833
1801049
1817543
1810281
1851257
1824908
1807792
1810800
1825634
1797315
1815053
1831236
1788082
1805510
1816817
1811734
1826153
1813394
1814846
1817024
1809452
1844410
1823248
1830199
1810178
1848145
1834141
1797730
1809348
1817958
1810593
1820655
1816921
1841713
1824389
1835178
1818684
1817854
1827502
1816194
1802086
1821277
1768580
1823248
1810074
1816402
1818995
1821277
1809140
1809970
1794929
1811319
1828954
1842128
1836526
1798144
1802086
1823041
1822004
1838394
1834867
1839846
1807792
