1823352
1805095
1827294
1812460
1810800
1828124
1827294
1820759
1809244
1833311
1795447
1821900
1810696
1820655
1817647
1825427
1829369
1813808
1790883
1836112
1811423
1800323
1811111
1814327
1830406
1828954
1827605
1834867
1809140
1827916
1801983
1813705
1811734
1812045
1819410
1814742
1806547
1812875
1801464
1816609
1821174
1809867
1822107
1799182
1824389
1811630
1803850
1802605
1801775
1830614
1820759
1787875
1831443
1815572
1806340
1822833
1827398
1814120
1820655
1806651
1806132
1820448
1810696
1811111
1823352
1825427
1807481
1824804
1794617
1824908
1815261
1808622
1809763
1841817
1809970
1805925
1799700
1830821
1806443
1818684
1799597
1814016
1821900
1833829
1834452
1813186
1818891
1809555
1817543
1822211
1807688
1806651
1798767
1801775
1804161
1817854
1789431
1800012
1807377
1810178
1812252
1788705
1807792
1809763
1804472
1824701
1837253
1796900
1828228
1804369
1817335
1837045
1805613
1818269
1813186
1832792
1808829
1816921
1826983
1834037
1810593
1808829
1805925
1805302
1820551
1793476
1814638
1820344
1821381
1818269
1808207
1826049
1829058
1822522
1827398
1818995
1820862
1823560
1828020
1818062
1815053
1832377
1798559
1820033
1810178
1809348
1823975
1821589
1825634
1830406
1792958
1807169
1821796
1807169
1820966
1793476
1822730
1813290
1827398
1815676
1823248
1832170
1806754
1814431
1828124
1833103
1827813
1806858
1832585
1814431
1836319
1832999
1827294
1809659
1823145
1839950
1820759
1820655
1808829
1811008
1809659
1802190
1796070
1793373
1805095
1797211
1832999
1790987
1822315
1801464
1814431
1790676
1817128
1828331
1825634
1821070
1804887
1802605
1820655
1803435
1804887
1828124
1831547
1807896
1830199
1795759
1824078
1826568
1830199
1825945
1821692
1837460
1800634
1835800
1825842
1819721
1820551
1816402
1826360
1801568
1814120
1796277
1810178
1815779
1821070
1829887
1790053
1840365
1821589
1834763
1820448
1811008
1814950
1807169
1836526
1796070
1806132
1820240
1816402
1793788
1827605
1798871
1808829
1819825
1801257
1814950
1809763
1817854
1783622
1811526
1805095
1808414
1831755
1835178
1827502
1797315
1808933
1789223
1803124
1813705
1822730
1806028
1801775
1809970
1803435
1804369
1797315
1810904
1814846
1790779
1793891
1814120
1815157
1812356
1841091
1817647
1810074
1824701
1810696
1836319
1830510
1802086
1808311
1835282
1801671
1814742
1819410
1810593
1822418
1823767
1811941
1804161
1827813
1829369
1823871
1776153
1833207
1814016
1809452
1805095
1807896
1803539
1825116
1817854
1822833
1800012
1808518
1797833
1804991
1817958
1795447
1822107
1813912
1794721
1822833
1813394
1815157
1815883
1786215
1817647
1813186
1823560
1806547
1808414
1816194
1814638
1803331
1823041
1809867
1816817
1860489
1814016
1830821
1818788
1839016
1790572
1791194
1819306
1803850
1814846
1835593
1816817
1793476
1809348
1818995
1819514
1820862
1811008
1832170
1815987
1832377
1799804
1818995
1805510
1803746
1820655
1792232
1808622
1814431
1829991
1829265
1827398
1824804
1802813
1812875
1842336
1845240
1811111
1795759
1798767
1816298
1810904
1809140
1817750
1806754
1816298
1809140
1797833
1809244
1815987
1808829
1818062
1844410
1823145
1822730
1816921
1807169
1806236
1809140
1788912
1809348
1816506
1810385
1794306
1807066
1808622
1808622
1813290
1814742
1824182
1834141
1811941
1789846
1831029
1811630
1835800
1825012
1826049
1836630
1815157
1805613
1826464
1807896
1814016
1815053
1810800
1824078
1823560
1836215
1813912
1798352
1817128
1814535
1810178
1834556
1819306
1817232
1814638
1829265
1800427
1786837
1811630
1851153
1805510
1820240
1793476
1813290
1801775
1817232
1793684
1843373
1802294
1797833
1814846
1804576
1819514
1787252
1798974
1811734
1818788
1832066
1818995
1806028
1807792
1817439
1842751
1816194
1813082
1812564
1834659
1807584
1828850
1832585
1835282
1797315
1821070
1840676
1820862
1833414
1821174
1825012
1794306
1804057
1809452
1789327
1808622
1806547
1837356
1810178
1816506
1828643
1817024
1817128
1820966
1801879
1831236
1855925
1802605
1820759
1801360
1823248
1820862
1818165
1799286
1827502
1815468
1803331
1829369
1821796
1815261
1836941
1813705
1819410
1835282
1812979
1825219
1824804
1814535
1828331
1821174
1813394
1807169
1835697
1806651
1793684
1802605
1802605
1801153
1819099
1807066
1813082
1793373
1817854
1824389
1793061
1825116
1819929
1828643
1817647
1799286
1801775
1811838
1811319
1812045
1821277
1812875
1830302
1826879
1809763
1831443
1799493
1802086
1805717
1829161
1801983
1818995
1842854
1826153
1796485
1847834
1812045
1799700
1796381
1807896
1800219
1824701
1806858
1828954
1829576
1809140
1812045
1825116
1835074
1833103
1820136
1836423
1803746
1820551
1801360
1833518
1814950
1784555
1808622
1830614
1809970
1820448
1798352
1837668
1816091
1813186
1835904
1822418
1823456
1797418
1822833
1811215
1786111
1805717
1819514
1819306
1828331
1807792
1840883
1811423
1807584
1811215
1822418
1825427
1812667
1821381
1813808
1806547
1813082
1816298
1835385
1830302
1808207
1799286
1811526
1820344
1811734
1797522
1829991
1797730
1840676
1814120
1823975
1822937
1826049
1821070
1830406
1818788
1820344
1805302
1817335
1812356
1810074
1816402
1807792
1831029
1814950
1815365
1812356
1808207
1823767
1815572
1828643
1808933
1825945
1819618
1814431
1812875
1806754
1814535
1824804
1800219
1803850
1830614
1815987
1811215
1817647
1820862
1842336
1814846
1816298
1817543
1819306
1810593
1807584
1825323
1824597
1817439
1806443
1806443
1826672
1814016
1828850
1816713
1840572
1811734
1807584
1826153
1793165
1828331
1810281
1809659
1824493
1817543
1808311
1788705
1801775
1793995
1809037
1835904
1821692
1817439
1811941
1811215
1816298
1803227
1800842
1799078
1827605
1790987
1798041
1814223
1804057
1799389
1801775
1835800
1836215
1808207
1826464
1838705
1803642
1799389
1827709
1819099
1802501
1809763
1819203
1813912
1808829
1785904
1806858
1810281
1841713
1837771
1815987
1804161
1815365
1827294
1834763
1809970
1801257
1801360
1805925
1819721
1801568
1806236
1810074
1810489
1803539
1837771
1809763
1812252
1812667
1822211
1811423
1815468
1831443
1823663
1797937
1819618
1821796
1827398
1803746
1804887
1828746
1822315
1835800
1828435
1809244
1811941
1834763
1786319
1827294
1832999
1809867
1813808
1808725
1800530
1806858
1821070
1819721
1809763
1812564
1813290
1807792
1807169
1823663
1815676
1800323
1828539
1818580
1821070
1816921
1809555
1816298
1825427
1808103
1806651
1834141
1839120
1815779
1808518
1835800
1830199
1827502
1817958
1798871
1814431
1818373
1794306
1805510
1820240
1818891
1810593
1818580
1828643
1796796
1795759
1823975
1804472
1809037
1825323
1822833
1837668
1822522
1817958
1831755
1832170
1828643
1833311
1819825
1815572
1816609
1835489
1821796
1842336
1825634
1811319
1821174
1799908
1814016
1804991
1802709
1840261
1803746
1805925
1790572
1819514
1812564
1821277
1793373
1797003
1808725
1818580
1792750
1819203
1821174
1804472
1800115
1820448
1807688
1793788
1811526
1807896
1806340
1799389
1842128
1817854
1805302
1803642
1801360
1842543
1803435
1834970
1811319
1830614
1791194
1798456
1807688
1809867
1831443
1807584
1820862
1836215
1805717
1803331
1801983
1815779
1837253
1815987
1806651
1823871
1824493
1815572
1815676
1838497
1808829
1801360
1815157
1794306
1820344
1801775
1821174
1835178
1820759
1804369
1814638
1838705
1830510
1820344
1824389
1817750
1828228
1805406
1822211
1818580
1803746
1829784
1820966
1806340
1822315
1812979
1807481
1831962
1799182
1823975
1819306
1818891
1821381
1809244
1800842
1821381
1804991
1825012
1812460
1804887
1801983
1810178
1836215
1812460
1798974
1810593
1807377
1832585
1813497
1803435
1827294
1805406
1820344
1831755
1812667
1826879
1802398
1822626
1825634
1815987
1822107
1809037
1806340
1809244
1814950
1821900
1823145
1822315
1840468
1809140
1809970
1813082
1830614
1823560
1823560
1833726
1808414
1825842
1823767
1821589
1834763
1798974
1823663
1815572
1818788
1814742
1822107
1835385
1817750
1828954
1813497
1818684
1808311
1808933
1846070
1801049
1804369
1821692
1812356
1827605
1830095
1793891
1814431
1821381
1808829
1810904
1812045
1833103
1804576
1802605
1826257
1798974
1825323
1812875
1790261
1814742
1830199
1816817
1809348
1828954
1798767
1831443
1809555
1823871
1803435
1829369
1810178
1817958
1823560
1815261
1805925
1799908
1811630
1789534
1806858
1797522
1815468
1820033
1812875
1822107
1848767
1818165
1818165
1826153
1786215
1816609
1834763
1818580
1819410
1820966
1817854
1825842
1803954
1796173
1823041
1818062
1803954
1809348
1804576
1808311
1822418
1816921
1780821
1822730
1793269
1805302
1815676
1811008
1817958
1832273
1796277
1819410
1821277
1800945
1809867
1815157
1806132
1822833
1826983
1806754
1800219
1806858
1813497
1819306
1815053
1814016
1812979
1822211
1808933
1793580
1827398
1807792
1809763
1816402
1814846
1804265
1805613
1826879
1808622
1817232
1811734
1828020
1815157
1819618
1805406
1806132
1824701
1801360
1776464
1817232
1832999
1806132
1822315
1785489
1833622
1806651
1785904
1844929
1818165
1802813
1809348
1818062
1838601
1825323
1814223
1825945
1794929
1798767
1831651
1818165
1828020
1794099
1798559
1813290
1815676
1822522
1807896
1824078
1841091
1795551
1803746
1803642
1802398
1809037
1821381
1827398
1828124
1821070
1827605
1807273
1787149
1814016
1801049
1810904
1811838
1826257
1795447
1817439
1819306
1837460
1805821
1833933
1829265
1819306
1807688
1817439
1848352
1821692
1823767
1812356
1840883
1804991
1814120
1789742
1838912
1813082
1815883
1832481
1820240
1803435
1824182
1799389
1837771
1824286
1814950
1827709
1806236
1807688
1824493
1809244
1831443
1795966
1814223
1807584
1839327
1807999
1833933
1811008
1790883
1789327
1814950
1827502
1813808
1807377
1816713
1828124
1811941
1833103
1798041
1811734
1829265
1831443
1819099
1824182
1845344
1798456
1802709
1790572
1838497
1811215
1832896
1810904
1811941
1794514
1798974
1809452
1802501
1818995
1824597
1822833
1788808
1818373
1813290
1817750
1798041
1824182
1820344
1843373
1829576
1826153
1831029
1816194
1812045
1833829
1806651
1822107
1833207
1818062
1828331
1819825
1822107
1828228
1796070
1802605
1819929
1799389
1807584
1811838
1811630
1807688
1787252
1799389
1814327
1797211
1784763
1805717
1825427
1831651
1800738
1813808
1809867
1799493
1806962
1840468
1802501
1809452
1802086
1806132
1819099
1812252
1828228
1815987
1809037
1804057
1781339
1814327
1810593
1828850
1810696
1803642
1831651
1815572
1818373
1791609
1817750
1814327
1807999
1836941
1820759
1801983
1798559
1798663
1825634
1800945
1811630
1803435
1801257
1793891
1828850
1838497
1806132
1826879
1807792
1832066
1798041
1808933
1807273
1816713
1837045
1796485
1829680
1817854
1799700
1810281
1799078
1803746
1848249
1822937
1815883
1820655
1806132
1838082
1814535
1812979
1820240
1802398
1826983
1814016
1808414
1811630
1817232
1803539
1827709
1811630
1808622
1807066
1837979
1825842
1812564
1829784
1811526
1837979
1819825
1819618
1824182
1815779
1806858
1827709
1826879
1815987
1845448
1827605
1818477
1812771
1819410
1831858
1836423
1823041
1805198
1834452
1804369
1824286
1816194
1829576
1814431
1836215
1814742
1822107
1800634
1788808
1851257
1834452
1805717
1814638
1827916
1817335
1810489
1819721
1813394
1817854
1810696
1798144
1808622
1800012
1821174
1810281
1812771
1825116
1831443
1798974
1810904
1822833
1805302
1810904
1807377
1808311
1804784
1812875
1818477
1823352
1809970
1802605
1822211
1824804
1825738
1797418
1822730
1820862
1820759
1818477
1825738
1794929
1832585
1817958
1818684
1826983
1827294
1825323
1818062
1802190
1844929
1832377
1813912
1831236
1829991
1848249
1838394
1814327
1810800
1812252
1827502
1798248
1805510
1798663
1806443
1799389
1829058
1813808
1835593
1806443
1786215
1785904
1808933
1809244
1812045
1811630
1818684
1813186
1810593
1818477
1816817
1824804
1823560
1825219
1809140
1816194
1808311
1812252
1807584
1807273
1820551
1803020
1832792
1818269
1825738
1819514
1833622
1820551
1821692
1809452
1814327
1815261
1810800
1802709
1837045
1806962
1815053
1812460
1821381
1820240
1822418
1812875
1812252
1810489
1812356
1833933
1791609
1823767
1826568
1810800
1813601
1821796
1798144
1807688
1813290
1811008
1804265
1822107
1819410
1820344
1821070
1816402
1811215
1813497
1801775
1800219
1822107
1818269
1826775
1798974
1822315
1810074
1814846
1835074
1799182
1790053
1805821
1802398
1808933
1806962
1832896
1823663
1822004
1821692
1807481
1803746
1818373
1829369
1807066
1822418
1806754
1831236
1811423
1806547
1821796
1811111
1817024
1817232
1808311
1823767
1801049
1803331
1825323
1812979
1820862
1799389
1848663
1806547
1787563
1824182
1815883
1813497
1799493
1817335
1807481
1812667
1832792
1822522
1804991
1799597
1825427
1840261
1824701
1792335
1806028
1834452
1808725
1832896
1824908
1824908
1835800
1819099
1821796
1790779
1800115
1796900
1797730
1835074
1814846
1817232
1826983
1824804
1810074
1824389
1817543
1800945
1823767
1793684
1811215
1825323
1807066
1810593
1807688
1810489
1795759
1807792
1808518
1827709
1828124
1785281
1793684
1819410
1797522
1828746
1811111
1800323
1817543
1817958
1825116
1824078
1818580
1818165
1832999
1813808
1809763
1819099
1813497
1826879
1826360
1781339
1817958
1808414
1832896
1790157
1794099
1817128
1812356
1808622
1793788
1799078
1816609
1808103
1800115
1817335
1822730
1808311
1797418
1824908
1817128
1828954
1810074
1820551
1805302
1824804
1821589
1810696
1814120
1811941
1839639
1822522
1827398
1824493
1818684
1821277
1800530
1799389
1803539
1801879
1809867
1823041
1816298
1808622
1831236
1805510
1814846
1828228
1797522
1806754
1813705
1816921
1799804
1810696
1829472
1845344
1816609
1804161
1828850
1813290
1824389
1785800
1816194
1796173
1822937
1812149
1799389
1836630
1828643
1828435
1787875
1801983
1806962
1833207
1814535
1792647
1820033
1828124
1828746
1818477
1811734
1838497
1821589
1825427
1824908
1822315
1831858
1807584
1798144
1820966
1803746
1801464
1823767
1850220
1829991
1809140
1804784
1815676
1814846
1820759
1813497
1820033
1819721
1830510
1822937
1793891
1817854
1804991
1827916
1806754
1804991
1810800
1815987
1804680
1829161
1811734
1805510
1832999
1818477
1824389
1818580
1816609
1829991
1824701
1810593
1820655
1809555
1838705
1812045
1806754
1814223
1832066
1817024
1813808
1818062
1798559
1818580
1800530
1819929
1823663
1827398
1810281
1815987
1831858
1843373
1814742
1828850
1788912
1827190
1935386
1806236
1795136
1804784
1814016
1809555
1814638
1825012
1802398
1811630
1812667
1808622
1818269
1833726
1800530
1806028
1820344
1812667
1831443
1832896
1802813
1816298
1819410
1816194
1799078
1809659
1818477
1826879
1817439
1828850
1819825
1804784
1825634
1816817
1830095
1797937
1836008
1826672
1815779
1833829
1828539
1824597
1822730
1800530
1824286
1804887
1811319
1829680
1816713
1823560
1826153
1812564
1819410
1809659
1815779
1805925
1808829
1832792
1820862
1791713
1805198
1814431
1816921
1811526
1819410
1832273
1810178
1818269
1809970
1811838
1808829
1833414
1804784
1822107
1826983
1801879
1800219
1807999
1836838
1823248
1815676
1814846
1817335
1823145
1817750
1830302
1811526
1810800
1811215
1822315
1817854
1824389
1801153
1841091
1816194
1833726
1822004
1823767
1819410
1817232
1827087
1817128
1826049
1815883
1829058
1816194
1820033
1812460
1828331
1833414
1807999
1797937
1811838
1809452
1822833
1795966
1810696
1815676
1795966
1814327
1809244
1820033
1812667
1815572
1806028
1817750
1811526
1796796
1794721
1812564
1829161
1814638
1803020
1814016
1835904
1818477
1815676
1800945
1818788
1810178
1798974
1808207
1798144
1808622
1810904
1814638
1823767
1818788
1830302
1789638
1816713
1823145
1804784
1823767
1828850
1824701
1819306
1839120
1817128
1796588
1830406
1819618
1821900
1809659
1789534
1804161
1826049
1783207
1817543
1814846
1811423
1817854
1849493
1796485
1806858
1834037
1799078
1813497
1809970
1833518
1808414
1825634
1814016
1833103
1813082
1810281
1825116
1815987
1826257
1802501
1827087
1825012
1817750
1856029
1830510
1819929
1802190
1812979
1816817
1823352
1788393
1830821
1827605
1818995
1792335
1826360
1809140
1808829
1797833
1815468
1800738
1826257
1826153
1822730
1814016
1805925
1812771
1812979
1812771
1810074
1811630
1809970
1835904
1842854
1788497
1825323
1812875
1845448
1818477
1829576
1801257
1808311
1818580
1818891
1851361
1826049
1811215
1804265
1825842
1813497
1832481
1826360
1808207
1805821
1798871
1833622
1818891
1806443
1813601
1822004
1834970
1823145
1827190
1837356
1806028
1806236
1819203
1793788
1793580
1786630
1810074
1816194
1823248
1807481
1796070
1805302
1813290
1813394
1801153
1814535
1825012
1814120
1808311
1818062
1816506
1796485
1823975
1827294
1830614
1819721
1810074
1802294
1822937
1815157
1815468
1812667
1798559
1822211
1794410
1808933
1807688
1815365
1812667
1826672
1808207
1817958
1834037
1793061
1799700
1822626
1812149
1837045
1837356
1817335
1817543
1806962
1803124
1804784
1836423
1814016
1814431
1836734
1803124
1826464
1814638
1817439
1815468
1805095
1815468
1812667
1819410
1816298
1799493
1820966
1805821
1823456
1840780
1816921
1821900
1830925
1814535
1836112
1821692
1811008
1811111
1816091
1810489
1809555
1826568
1801464
1809037
1802190
1818477
1812045
1825738
1804161
1809970
1824493
1810385
1799493
1822315
1816817
1819099
1809555
1787667
1819825
1801464
1811111
1811423
1836838
1821589
1809348
1800323
1800530
1807066
1802086
1805302
1808311
1826049
1845240
1822833
1808414
1814950
1836423
1822937
1824493
1809348
1837253
1812979
1811526
1821900
1825738
1817647
1815779
1831755
1814742
1831755
1829161
1811215
1811008
1843062
1812045
1795344
1820240
1795136
1823871
1822004
1829576
1819306
1809659
1797315
1794721
1827813
1818788
1792543
1806236
1827502
1826568
1826879
1812667
1814327
1797211
1810489
1801775
1812564
1823456
1813394
1834763
1814016
1829576
1809555
1813601
1789742
1803746
1820448
1842232
1798144
1817128
1823145
1787978
1830406
1820655
1808414
1831029
1823975
1812564
1834348
1814742
1808207
1806547
1820551
1816194
1813290
1820136
1806236
1823767
1822937
1797937
1821485
1820862
1812460
1839120
1811423
1825427
1807273
1798663
1816506
1829058
1818165
1811630
1823767
1807377
1816091
1843166
1821692
1798974
1818269
1813394
1806443
1809763
1808311
1799700
1825427
1804472
1811630
1823871
1803435
1817750
1801360
1825219
1807792
1820344
1830925
1806443
1823663
1808933
1831962
1822107
1803746
1821381
1820966
1837356
1837875
1826672
1811630
1836734
1807169
1820033
1817647
1805406
1808207
1817647
1846174
1828643
1819929
1821070
1821589
1830095
1828954
1809140
1817958
1817335
1814535
1792543
1799493
1812771
1817647
1804991
1823352
1807066
1811319
1820862
1808311
1808207
1858622
1831029
1806340
1818580
1810593
1778642
1814742
1838601
1818269
1817750
1812979
1822833
1821070
1799078
1812979
1816713
1816298
1825012
1825323
1799700
1818995
1816609
1821381
1796485
1794825
1809140
1791609
1810904
1805613
1806858
1835178
1805613
1794721
1803746
1828331
1819721
1827916
1801568
1826775
1822522
1820966
1828539
1832896
1813394
1838082
1814950
1834659
1794306
1816609
1799182
1815779
1782792
1810281
1809763
1799908
1814950
1801983
1817543
1819514
1823456
1801879
1809763
1795862
1809867
1815053
1826568
1819410
1799493
1809452
1820655
1813290
1823041
1841402
1836008
1810904
1808518
1805717
1813082
1830614
1831962
1791090
1827813
1819721
1819825
1811838
1805302
1815157
1799908
1808414
1818477
1817128
1839950
1793580
1835282
1815572
1816713
1809867
1837979
1831858
1811008
1833933
1789949
1800738
1801049
1807066
1843892
1811630
1826983
1801983
1831755
1798663
1816713
1819618
1823560
1806132
1809555
1830095
1834659
1819203
1824389
1814535
1819099
1806340
1808103
1820240
1789742
1809348
1818788
1796588
1824182
1812564
1812356
1809348
1823456
1812564
1818788
1804680
1804680
1799493
1799078
1821692
1832273
1802190
1827398
1808725
1803642
1811838
1830510
1825634
1833829
1814327
1800427
1819825
1826049
1826464
1782584
1809140
1816298
1821900
1809037
1792232
1785800
1791609
1812356
1826879
1842751
1845240
1823456
1837356
1799389
1820759
1825842
1804369
1812045
1804161
1828539
1813394
1802709
1808725
1816506
1820240
1802916
1793061
1821589
1809970
1820551
1825012
1806547
1812667
1798767
1797626
1818165
1823767
1826153
1812771
1820551
1835697
1824078
1793269
1815676
1817024
1826360
1817128
1794721
1819514
1816402
1824804
1807169
1830510
1810800
1806962
1807481
1800842
1824597
1827709
1846589
1793373
1799286
1826360
1826775
1842751
1817335
1792024
1811734
1822211
1823975
1788082
1811319
1834141
1833518
1823663
1813497
1816609
1806858
1810904
1815261
1834659
1799700
1794514
1812771
1814016
1810593
1806443
1821381
1803850
1843892
1809763
1842439
1823560
1796070
1800842
1808518
1794617
1816921
1806443
1822418
1804576
1817024
1784555
1819618
1818477
1808933
1821381
1813394
1810281
1827190
1802190
1817232
1837253
1818062
1815365
1814846
1796796
1807792
1814431
1811008
1808207
1806236
1789949
1816091
1821589
1811630
1797211
1842647
1814638
1798456
1819203
1826257
1825531
1830925
1811423
1806547
1818062
1817543
1829991
1818373
1806651
1819099
1819721
1811734
1804680
1835800
1820551
1816713
1804576
1784451
1823975
1799078
1818269
1821070
1828954
1799493
1810593
1822004
1811111
1800115
1824908
1817750
1812252
1815779
1811319
1819929
1809763
1826049
1806651
1839846
1823145
1838601
1800842
1817543
1788601
1813912
1819410
1815365
1826775
1852087
1821381
1810800
1822315
1790676
1830614
1824078
1819929
1821796
1807169
1824804
1805406
1797107
1809659
1807481
1818269
1810281
1827087
1791090
1836008
1815053
1834348
1803020
1810489
1825427
1826775
1784970
1808622
1814638
1838809
1823352
1824286
1799286
1816921
1823248
1821485
1814431
1817128
1822730
1823248
1824493
1809452
1829887
1831132
1801671
1825323
1824804
1805095
1821485
1814223
1814846
1826672
1829058
1819721
1785178
1826983
1818891
1811734
1818684
1814638
1826049
1812252
1825842
1801049
1811319
1823871
1810489
1823145
1826464
1838082
1805302
1797626
1804680
1810904
1819306
1793580
1801568
1808311
1804887
1794929
1793891
1813912
1814431
1810489
1816091
1803539
1816609
1817128
1832481
1797626
1810904
1823145
1818891
1813497
1823456
1815468
1836941
1832066
1827709
1806443
1833829
1819825
1811941
1838394
1809763
1818477
1821381
1828850
1812252
1820966
1821900
1811941
1830510
1816194
1813082
1810178
1806340
1806236
1803642
1834867
1822730
1820344
1797937
1806858
1798974
1791505
1801049
1807377
1816298
1796277
1827502
1823248
1817232
1834763
1836215
1830095
1787667
1775530
1830510
1801671
1816298
1821900
1828020
1822211
1826257
1825531
1798871
1817647
1817232
1800219
1812356
1831651
1811630
1826672
1822107
1834452
1824908
1815053
1806754
1824908
1819410
1836112
1817647
1800427
1815365
1805925
1804369
1823767
1816609
1811008
1806132
1835282
1805095
1812460
1812667
1828124
1816713
1800323
1801257
1815053
1806236
1814016
1798974
1843477
1780613
1800530
1820551
1800427
1804680
1814327
1801049
1822004
1816194
1796692
1814223
1787563
1789846
1806236
1816609
1818995
1796692
1813601
1808518
1801775
1830614
1831547
1822833
1809244
1805613
1816506
1813497
1785074
1808518
1822004
1783622
1779368
1804265
1817647
1806754
1802086
1796277
1804680
1781858
1816091
1822833
1820655
1800323
1817647
1808933
1826672
1824182
1804680
1785385
1799700
1818269
1791609
1836941
1822522
1810904
1801568
1812252
1818062
1808207
1825842
1819721
1819099
1821692
1823041
1822418
1815053
1815676
1817335
1815779
1827605
1795862
1823352
1825012
1814742
1827190
1830925
1822315
1820136
1822211
1824286
1798248
1816194
1816298
1803850
1817128
1817543
1791194
1812045
1800738
1793061
1821070
1836423
1804784
1817232
1823456
1825842
1835385
1831132
1798144
1807584
1813082
1814120
1824286
1811008
1815779
1818373
1830925
1809452
1802294
1790987
1826360
1809037
1841506
1818477
1817439
1789223
1820655
1842543
1826672
1831340
1826049
1833933
1818477
1810489
1831755
1821900
1817439
1840157
1841506
1825427
1807688
1794825
1798144
1807481
1802813
1812771
1782169
1796173
1825531
1822418
1826257
1812356
1832585
1814846
1801983
1829887
1831858
1809348
1822730
1820033
1819306
1819514
1803850
1795759
1829161
1811630
1836008
1807792
1804576
1791817
1821381
1807792
1827398
1797522
1807688
1803539
1807377
1817647
1783829
1814846
1786007
1830406
1828954
1801257
1823352
1797522
1805302
1804991
1809763
1807688
1818995
1814742
1837460
1803850
1816194
1805198
1828124
1807481
1824701
1784036
1800530
1816194
1824908
1827398
1830925
1809037
1824078
1810593
1829161
1811526
1821900
1787563
1822730
1819410
1820966
1803954
1826360
1827813
1808725
1807481
1817647
1815468
1818995
1818684
1818477
1819721
1824908
1814120
1809037
1811630
1815779
1820240
1808725
1812771
1826257
1800115
1817543
1808622
1821277
1808207
1815779
1836008
1820344
1835282
1808829
1807169
1822730
1820033
1805095
1840572
1815365
1815572
1807169
1801568
1818891
1792335
1806132
1815261
1787356
1831443
1811734
1807999
1827605
1824389
1806132
1829058
1830614
1816402
1799182
1831443
1829058
1812045
1806754
1822833
1814431
1812149
1799597
1814638
1807273
1821381
1804576
1801049
1814431
1790676
1800842
1832896
1805302
1813601
1830821
1809867
1811941
1824286
1793269
1825219
1805925
1788186
1797937
1814327
1837253
1819203
1820448
1806858
1804887
1826360
1829680
1804265
1804680
1828850
1784970
1820966
1786319
1799804
1831029
1816298
1821277
1823041
1830199
1809452
1805821
1811111
1805821
1813186
1818891
1808414
1772626
1818995
1808622
1810904
1816817
1838601
1796900
1798663
1827605
1823975
1795344
1816817
1832999
1798663
1803850
1820240
1789120
1823145
1825531
1827398
1815365
1815987
1818580
1798663
1809037
1829887
1812045
1825427
1820136
1825116
1819514
1802501
1817854
1812460
1804784
1816609
1817232
1817543
1810904
1820759
1827813
1824804
1821900
1812045
1809867
1833103
1791817
1818269
1814742
1819929
1826257
1804369
1828435
1814742
1811838
1814535
1816713
1837045
1810489
1841195
1827294
1804472
1803642
1805302
1812045
1797833
1827813
1813912
1834037
1812875
1794617
1811319
1825012
1820033
1804369
1824804
1830406
1792958
1826257
1825012
1829887
1828643
1801153
1812564
1800323
1811111
1807066
1814431
1809555
1814431
1817335
1796796
1820655
1802294
1790779
1815883
1804576
1812149
1804057
1830302
1830614
1817024
1819306
1795344
1814120
1820862
1841402
1821485
1818684
1809244
1819099
1814223
1829784
1810800
1821174
1829265
1819410
1809763
1822004
1794514
1814327
1815676
1818995
1820759
1817854
1818891
1826257
1823871
1820862
1811526
1818269
1813290
1818062
1819203
1791090
1817335
1820862
1791609
1812875
1812979
1817232
1798871
1811319
1811423
1800634
1819306
1848041
1845759
1817958
1807896
1819929
1823456
1812875
1816921
1804680
1792335
1828539
1813601
1806754
1807688
1811319
1829680
1806754
1817543
1802813
1819203
1796173
1846485
1831029
1828539
1825219
1813497
1810904
1818062
1817439
1829161
1820966
1811111
1816609
1810178
1835282
1828850
1831547
1816609
1820240
1816091
1829576
1846796
1794825
1819306
1840468
1839950
1817128
1812564
1819618
1803539
1825116
1819825
1813186
1806754
1823041
1799597
1828020
1793995
1803435
1833518
1810281
1814223
1809140
1815053
1824804
1828539
1819618
1819618
1823767
1833933
1840468
1806754
1820655
1803227
1816194
1802086
1828954
1810074
1842128
1779576
1831755
1792128
1795551
1839431
1804887
1805095
1821485
1824597
1835593
1818891
1808933
1788186
1815468
1807169
1817750
1816609
1811734
1815157
1804472
1827087
1814950
1811319
1806858
1806340
1817750
1817128
1814016
1825323
1798041
1818165
1813705
1824286
1802294
1822107
1822211
1801360
1795032
1820136
1817854
1807999
1834970
1822004
1831547
1802501
1823560
1837668
1825738
1817854
1804887
1813082
1809140
1826672
1785904
1822315
1814950
1784140
1806547
1825945
1784244
1836008
1815468
1809763
1792128
1821381
1833829
1794617
1798663
1791402
1823767
1807481
1810385
1817335
1806443
1811734
1815157
1809867
1819721
1803435
1799182
1812252
1830302
1817750
1832896
1795655
1801775
1801257
1807896
1829472
1820759
1817647
1792958
1813808
1792232
1823041
1805821
1822107
1825219
1831858
1826049
1818580
1837564
1813394
1806651
1805095
1824493
1822937
1798041
1811319
1797211
1830406
1796692
1825116
1819825
1826257
1816817
1806547
1802190
1845240
1809244
1813705
1799804
1827916
1809140
1832999
1830199
1825634
1811526
1822107
1838497
1791298
1796173
1809555
1806028
1812045
1814846
1815365
1812252
1810074
1829058
1813082
1810281
1845240
1803539
1823352
1824286
1809452
1822833
1801879
1826153
1842024
1814846
1807481
1829991
1820344
1806651
1803435
1803331
1834244
1817128
1817647
1805302
1797730
1795759
1813601
1829472
1820344
1825427
1823767
1810489
1822211
1793684
1832585
1799182
1822004
1812149
1813186
1791817
1829991
1803746
1801049
1847834
1822211
1817232
1813705
1821900
1795551
1802916
1793165
1826879
1816609
1808414
1814120
1836630
1817647
1826568
1801257
1826672
1818165
1835697
1821070
1816817
1808725
1793061
1814742
1821174
1807481
1794514
1805302
1814846
1805095
1802813
1823456
1805510
1829784
1820136
1836215
1822730
1809140
1839535
1806028
1819514
1811734
1808829
1818373
1824389
1834970
1775738
1791505
1823352
1826672
1812252
1797315
1832792
1815572
1782066
1825531
1819618
1804057
1816506
1810385
1841609
1823248
1800634
1807584
1819306
1794929
1798663
1817647
1825634
1816609
1822626
1803331
1825012
1808518
1808622
1834037
1823145
1813186
1825842
1821692
1832585
1800323
1814846
1815987
1812564
1823456
1816713
1807273
1818684
1796796
1812149
1820862
1807999
1839327
1822522
1802813
1838394
1820033
1812460
1828954
1827709
1809244
1818580
1800738
1795447
1803954
1810178
1805717
1820033
1817647
1807896
1805302
1819514
1821070
1833207
1819099
1813808
1831340
1834867
1824597
1815676
1800115
1817024
1798559
1812979
1825219
1826257
1825634
1789949
1825116
1825427
1827916
1810074
1817958
1781547
1817854
1802916
1815053
1819721
1847107
1837564
1813497
1808725
1808311
1808829
1820862
1824182
1810178
1806651
1822315
1802605
1819306
1818995
1811215
1811423
1817750
1822107
1827294
1829472
1815468
1802813
1821174
1822937
1810385
1787460
1813601
1813394
1809452
1814223
1825219
1800530
1830821
1808414
1824286
1795136
1838186
1821381
1821070
1813082
1803539
1784348
1837045
1822730
1811319
1803850
1807584
1815261
1810178
1803331
1819203
1812667
1817335
1807999
1825842
1831547
1795759
1814535
1798871
1810489
1822522
1833829
1819721
1800427
1797730
1834556
1818165
1816091
1818477
1809970
1822730
1803435
1812045
1822315
1806132
1804057
1838394
1803850
1817128
1811734
1799389
1817024
1818373
1819825
1812149
1822315
1823145
1812252
1826672
1806754
1818477
1827502
1821589
1798456
1818580
1821174
1810074
1808414
1821277
1809763
1820240
1832066
1818995
1840053
1794825
1805406
1799700
1814327
1813808
1835385
1822833
1813497
1816298
1823871
1816609
1805198
1811941
1822107
1792543
1836630
1838912
1814120
1806028
1781132
1831132
1804680
1826568
1804472
1803954
1822522
1806858
1818580
1812356
1813601
1812252
1818891
1801879
1810696
1817024
1824286
1809659
1814846
1830302
1817543
1821381
1825427
1816817
1833311
1836734
1816506
1814950
1822418
1806962
1831132
1814431
1841506
1798767
1801879
1821589
1810489
1795447
1811111
1799597
1816713
1809867
1782895
1836008
1808725
1817854
1790157
1815053
1812875
1792024
1819203
1793684
1817439
1823041
1810074
1814431
1787563
1800530
1806236
1802294
1820862
1809140
1830199
1823975
1827398
1788601
1819306
1817335
1813912
1805510
1817543
1811526
1814327
1823560
1805717
1819410
1811734
1824701
1817854
1802813
1809659
1810385
1828020
1822626
1820966
1817024
1821796
1832792
1822833
1805302
1827398
1818165
1837356
1808725
1822315
1835178
1815779
1836423
1816298
1818373
1797522
1817439
1800012
1808311
1816817
1809659
1814535
1817128
1812460
1820862
1830510
1818269
1824286
1829472
1825116
1801568
1794825
1813601
1817543
1812460
1812667
1822004
1795551
1804057
1817128
1825427
1814638
1817024
1797730
1815365
1819306
1795759
1822522
1838290
1798559
1808103
1821070
1827398
1812564
1800323
1817543
1814950
1800323
1792335
1817335
1822315
1808518
1833829
1827605
1810593
1834556
1816817
1831858
1812875
1813601
1817024
1804057
1851153
1819514
1799493
1826257
1798559
1818684
1821174
1801049
1806962
1824804
1821070
1817232
1814120
1823560
1803746
1800323
1797937
1818684
1807999
1813082
1803435
1817958
1829265
1806858
1806443
1812460
1829472
1801775
1836734
1823145
1823352
1796070
1816402
1798352
1819306
1811526
1827916
1809244
1806236
1818995
1818165
1844514
1808414
1818165
1832273
1830302
1835489
1846070
1824908
1833726
1808207
1812149
1818580
1809970
1821277
1816194
1829369
1811734
1822730
1798974
1795344
1831029
1801257
1832896
1810696
1829784
1792543
1815053
1821485
1805406
1796692
1818580
1825219
1817128
1822833
1800530
1824493
1802813
1790364
1812149
1823352
1800842
1822418
1840987
1828124
1813186
1813497
1830406
1792750
1813082
1806754
1810074
1831236
1782895
1836423
1806236
1802501
1842336
1836941
1806858
1822315
1805925
1813290
1815987
1833622
1813601
1812771
1820344
1797626
1812979
1824182
1835074
1822418
1816817
1820240
1805198
1818373
1836112
1839224
1799597
1829058
1809244
1839431
1822522
1822211
1818269
1797730
1808207
1809244
1821900
1821796
1814016
1812045
1826775
1807792
1808207
1827294
1808725
1809037
1804472
1823767
1814223
1813601
1829887
1805717
1812979
1804680
1827813
1815987
1804369
1826464
1827294
1809763
1804680
1820551
1824597
1822107
1814223
1790157
1812252
1802086
1801775
1811941
1814120
1817543
1818373
1811423
1801257
1816609
1817854
1835904
1791713
1816298
1817024
1815157
1826153
1795032
1818269
1828020
1814535
1835697
1813394
1808622
1810593
1815572
1820759
1802709
1813394
1812356
1806340
1812875
1777916
1796692
1819203
1808414
1818580
1826775
1828331
1820759
1831029
1852813
1809452
1804680
1787563
1809037
1816817
1800842
1810593
1786941
1807377
1822004
1831443
1787460
1816921
1817024
1822315
1814950
1808829
1818373
1812460
1821174
1809244
1820759
1819929
1807273
1788290
1817335
1803539
1814638
1816817
1817750
1818580
1826257
1822107
1822522
1823352
1820136
1806651
1815468
1812252
1827398
1822522
1818062
1825945
1827398
1799078
1821485
1834970
1838290
1824493
1808103
1807896
1803850
1802398
1794203
1817128
1825945
1826049
1818684
1804784
1821692
1813808
1821589
1831340
1831443
1825427
1825945
1821070
1814327
1815987
1794306
1802605
1826360
1816402
1828435
1822730
1817854
1828124
1800427
1820655
1815987
1812771
1826672
1814535
1818995
1817335
1832066
1812667
1818373
1835800
1803331
1811008
1835282
1806858
1817335
1815676
1820448
1811630
1813705
1798663
1806236
1813808
1829887
1787460
1820759
1813186
1821589
1820759
1818062
1792543
1811008
1833933
1820136
1811838
1801775
1831443
1821485
1815987
1805717
1815676
1803331
1816713
1803642
1812460
1814016
1831029
1790883
1812149
1802709
1816091
1804576
1815261
1817232
1819514
1816091
1809970
1817750
1802294
1829887
1822833
1823145
1795032
1799700
1824804
1802813
1789223
1822522
1825219
1821796
1826360
1802916
1809037
1825427
1831755
1811008
1826672
1803124
1816298
1790364
1840883
1823975
1801983
1812564
1815883
1827813
1840157
1782999
1800842
1815987
1822833
1818891
1809763
1818788
1805406
1823145
1805510
1813082
1800219
1818891
1828020
1836319
1811319
1809659
1815572
1830717
1797418
1805717
1795966
1823145
1818477
1832999
1812771
1856859
1809867
1832377
1817543
1811526
1812252
1805406
1836112
1804784
1808414
1817128
1817439
1818062
1828228
1800323
1829680
1792439
1830614
1808622
1795966
1803746
1809244
1812252
1821589
1806651
1807481
1819929
1821277
1790053
1814327
1795136
1836838
1809348
1808518
1800945
1797626
1813082
1809659
1790053
1829161
1819618
1811734
1815157
1825945
1819306
1826568
1804265
1815779
1804369
1828331
1804576
1830510
1823975
1820759
1808518
1810593
1816713
1810385
1800427
1815468
1796173
1811423
1819203
1822418
1816402
1807066
1813082
1812252
1809763
1815261
1808518
1802190
1803227
1827190
1835178
1822211
1798456
1823975
1815468
1808725
1834763
1813808
1791817
1783518
1819410
1794410
1810800
1828228
1817232
1813808
1804369
1809970
1814950
1815157
1797522
1803020
1833829
1825427
1809348
1832066
1801775
1819306
1817335
1822315
1817543
1797418
1807896
1806962
1821174
1795032
1806028
1787563
1827502
1821692
1822626
1804057
1786111
1807273
1808933
1827398
1801775
1828954
1823456
1821485
1808622
1809140
1791194
1821485
1789949
1817232
1807377
1819514
1827916
1806340
1803850
1818165
1808103
1828020
1817958
1821174
1799493
1821070
1825427
1812875
1805302
1813082
1811941
1812149
1815468
1810904
1809452
1814742
1816194
1832273
1815157
1815261
1822107
1807169
1814431
1816609
1798041
1814327
1824701
1838082
1847730
1815572
1819514
1815987
1824078
1787771
1801153
1832273
1805095
1819825
1794929
1814223
1828643
1821485
1809348
1826775
1817439
1811734
1816402
1815779
1832688
1814742
1783725
1809140
1820136
1800945
1833518
1784244
1811526
1818062
1807377
1815779
1799908
1799804
1803954
1820655
1822107
1798767
1816921
1798144
1833829
1816091
1811215
1824389
1812356
1790364
1815883
1819618
1814950
1818165
1818477
1801257
1827294
1802294
1822730
1815987
1813912
1821381
1831547
1804887
1818995
1820759
1808414
1815365
1818477
1809348
1801360
1819721
1813497
1794825
1820448
1802709
1836423
1801671
1820448
1817128
1816194
1821070
1806651
1808933
1812875
1818269
1812252
1803331
1822004
1804784
1824493
1808518
1825012
1811526
1827087
1819929
1809037
1817439
1802501
1828643
1801360
1815987
1825116
1818165
1803642
1800945
1816817
1815261
1824597
1810904
1810074
1810281
1822522
1817128
1804472
1785593
1792647
1809452
1834659
1800323
1820966
1880821
1798248
1822730
1789949
1824701
1799078
1811526
1812667
1802190
1820344
1843269
1797003
1806340
1799908
1806236
1797107
1792854
1816298
1827502
1821174
1818580
1823975
1792128
1809659
1808622
1808207
1816921
1802813
1822211
1820240
1822626
1822626
1819203
1819929
1813808
1818165
1792647
1824701
1845240
1834244
1818165
1809037
1801257
1816817
1806132
1828954
1813497
1818891
1835074
1831340
1821277
1800012
1818373
1806132
1825219
1811526
1799597
1803124
1825323
1829369
1810593
1822730
1812771
1822211
1811526
1826153
1823248
1802086
1807066
1813912
1808103
1801257
1830614
1810904
1821900
1820240
1815779
1821174
1811423
1803850
1827294
1810074
1813808
1827398
1819203
1835697
1823145
1814223
1807584
1816298
1805717
1839224
1819306
1822626
1814846
1807999
1809970
1814327
1814950
1816817
1832170
1803435
1806236
1831029
1830406
1848975
1788808
1816506
1839950
1842958
1810904
1815572
1806547
1825116
1803954
1808622
1821796
1809970
1799597
1810385
1818891
1804161
1815157
1802501
1852398
1824389
1825531
1793788
1820344
1826879
1823145
1802813
1817854
1816506
1813912
1836423
1810385
1807273
1823560
1820759
1823560
1822315
1811630
1800012
1824701
1823248
1827294
1813912
1857688
1830821
1815572
1809867
1816713
1814120
1807169
1831755
1814431
1816194
1841195
1841713
1805613
1803850
1819514
1800738
1821070
1805510
1825116
1810904
1812149
1827398
1824493
1810489
1804887
1813186
1813497
1829680
1815261
1793995
1836734
1815572
1821485
1799389
1813290
1825531
1817024
1824286
1823871
1809037
1827190
1823975
1803331
1832688
1833829
1807169
1803020
1809763
1824182
1799804
1806754
1818580
1803020
1805302
1820448
1814742
1807999
1804161
1810800
1814950
1809452
1805095
1779472
1827916
1814535
1846174
1820033
1806028
1799493
1815987
1832066
1834348
1839327
1809037
1838601
1795551
1845448
1815053
1810800
1798352
1820448
1825945
1827398
1827294
1821796
1843684
1817128
1817232
1817024
1807896
1801257
1822522
1828020
1834659
1816194
1804472
1826257
1804991
1818062
1806858
1814120
1841195
1812460
1821070
1815572
1824804
1789742
1826464
1794410
1821381
1816713
1815572
1822937
1825842
1828124
1798041
1812460
1802086
1789120
1797730
1814327
1798352
1808622
1815365
1807792
1817543
1824078
1822730
1801775
1813290
1811941
1810489
1834037
1827190
1807169
1821900
1804576
1807584
1812045
1804265
1785385
1795966
1820551
1828124
1833103
1812356
1818580
1811941
1786630
1785800
1819514
1810904
1828850
1818684
1818373
1803539
1813497
1808725
1795240
1801671
1822833
1826464
1820033
1805095
1804887
1801360
1791505
1822522
1823145
1804265
1822522
1810904
1795862
1801983
1813394
1820862
1806340
1789638
1796692
1832170
1795551
1815676
1810593
1812667
1822833
1828643
1810489
1829784
1818269
1792543
1802398
1801360
1824804
1812564
1815468
1823663
1815261
1816298
1809037
1792543
1825012
1830406
1800634
1794825
1803746
1802190
1808933
1825738
1811008
1806443
1798144
1808518
1814431
1806236
1804887
1808829
1816194
1822107
1815987
1815883
1809867
1799597
1822833
1825634
1838186
1806443
1807584
1819721
1833518
1811319
1804057
1803124
1832999
1814223
1821796
1811630
1817543
1809659
1809452
1800530
1817024
1808414
1818995
1811630
1826464
1815157
1807688
1800530
1818891
1817439
1811319
1794306
1814846
1815676
1790572
1820448
1797833
1810281
1795551
1818477
1837460
1834452
1825116
1796900
1820448
1818684
1812875
1823248
1823767
1823663
1820759
1806858
1810800
1828124
1822730
1808725
1815468
1838082
1799597
1809867
1817232
1823871
1818373
1797211
1825531
1835800
1823975
1817750
1835904
1823041
1808207
1817543
1819721
1826672
1814638
1807066
1798248
1813601
1807377
1785800
1821692
1814223
1790157
1827294
1817439
1807273
1811630
1800530
1830821
1829472
1805198
1819825
1785178
1812356
1800012
1817543
1792024
1776879
1820551
1826464
1811630
1809244
1809244
1810178
1830406
1791194
1819203
1826257
1824701
1819514
1815157
1812252
1806443
1813705
1790468
1817647
1800530
1791298
1815779
1807999
1805510
1816402
1827398
1835074
1835074
1808311
1827502
1825738
1820344
1819825
1804472
1825219
1854265
1810074
1837253
1810178
1837771
1821485
1823975
1805198
1829680
1822730
1824182
1805613
1781547
1813705
1802501
1820759
1809659
1828746
1816298
1813705
1811941
1819306
1802709
1809867
1807896
1803850
1792750
1823560
1828850
1835282
1820759
1818165
1814327
1796588
1813082
1804784
1817750
1832377
1811526
1831962
1793476
1820655
1814638
1817647
1823871
1790779
1820551
1812149
1814846
1807999
1813186
1802086
1804887
1820862
1820966
1826672
1813808
1820240
1819306
1818684
1787460
1811215
1814223
1805198
1819618
1800842
1823975
1833103
1804784
1797107
1817335
1838809
1793580
1829991
1844203
1816298
1821485
1818891
1812045
1802605
1817543
1793684
1819618
1810074
1803020
1807999
1828228
1811734
1823663
1811215
1815572
1786422
1852502
1807792
1832999
1834659
1823663
1830406
1797522
1820344
1794306
1820448
1806028
1825945
1808103
1817335
1823767
1816713
1823975
1814016
1806651
1808622
1839016
1833103
1822211
1822315
1795344
1811838
1836838
1804265
1832792
1819618
1803746
1797522
1812045
1808622
1799700
1803124
1818995
1815365
1804991
1794099
1842232
1832273
1843166
1800115
1822522
1808725
1820240
1793891
1811423
1809867
1808725
1818995
1833414
1818580
1803227
1822004
1814846
1821070
1830510
1828746
1821692
1809555
1812149
1819410
1819929
1803227
1808933
1801257
1822004
1819099
1813705
1801568
1786941
1797315
1836734
1787356
1810800
1827190
1806132
1803435
1808725
1824389
1830925
1815365
1808103
1820551
1823456
1799182
1802605
1822004
1794929
1819306
1841298
1826360
1822315
1813912
1811423
1801568
1806443
1811111
1811319
1793684
1805925
1808933
1807169
1820759
1795240
1818165
1796173
1812667
1789949
1832999
1820551
1825323
1815987
1809244
1814327
1806754
1832896
1792854
1816194
1800738
1820136
1827087
1822418
1815676
1815468
1811526
1804057
1828228
1817335
1808725
1808207
1790987
1810074
1802916
1820759
1802813
1846070
1816921
1814327
1810489
1803954
1829887
1816091
1792335
1814327
1811215
1813394
1824597
1807584
1825738
1794099
1806858
1792543
1805198
1814431
1805821
1827605
1830510
1796070
1824701
1832481
1795032
1815157
1820344
1823663
1820033
1808933
1778642
1798663
1840468
1824389
1794825
1824908
1823352
1807584
1808518
1818788
1835385
1792647
1829784
1816091
1812460
1814016
1816091
1797315
1816921
1803954
1807688
1813808
1809659
1796692
1824493
1813705
1820448
1806028
1810696
1812564
1817232
1814120
1822833
1819099
1800427
1829576
1838497
1819618
1815779
1829265
1811008
1807999
1810178
1812667
1810593
1804472
1795551
1793373
1821174
1825012
1810904
1815053
1812356
1818165
1797003
1808933
1837253
1805717
1828746
1819929
1820655
1826257
1842958
1804161
1812252
1817024
1805821
1835385
1813394
1829784
1823560
1809037
1823248
1799804
1808414
1800842
1822004
1821381
1830925
1789638
1819410
1801879
1825012
1822211
1819825
1807896
1828124
1801775
1812979
1816402
1820344
1818373
1815261
1804369
1834244
1826049
1799597
1814431
1812356
1819514
1816713
1823663
1802813
1797937
1826879
1828020
1812667
1822730
1815987
1813394
1832273
1805821
1812979
1819929
1816506
1790157
1832999
1825427
1834763
1825116
1829680
1840365
1804472
1802709
1829161
1830302
1812979
1820344
1801983
1821174
1809555
1807481
1825116
1813394
1779680
1828331
1827502
1833207
1793476
1810593
1839016
1820240
1833207
1832066
1811008
1829680
1807273
1827398
1817958
1818269
1828746
1819514
1806340
1825219
1826153
1819618
1801983
1812771
1791402
1836526
1834867
1814846
1833311
1829991
1810696
1815779
1810489
1817543
1809970
1817439
1815365
1825531
1830095
1803642
1791090
1807481
1829369
1791609
1809763
1822522
1813394
1819721
1839431
1812667
1822937
1816921
1806236
1845033
1810904
1799908
1811526
1838912
1812460
1797315
1812564
1825945
1806132
1827916
1813290
1825634
1814950
1804680
1815157
1824701
1811734
1820136
1815365
1810800
1824701
1818684
1816194
1802294
1816194
1836319
1817335
1825219
1826049
1804472
1819203
1811838
1828228
1811941
1799389
1794306
1815676
1816506
1812564
1811838
1820551
1839327
1831029
1830614
1807792
1815676
1821174
1790364
1824908
1821070
1833311
1788186
1810489
1804784
1827813
1805821
1822315
1800323
1812979
1796900
1822522
1818165
1822418
1812564
1823145
1812875
1807169
1832585
1800738
1837253
1830199
1807999
1820655
1815157
1817647
1785281
1786007
1848249
1813601
1798974
1826568
1812667
1809555
1822004
1811008
1796692
1811941
1812771
1809659
1831547
1797315
1816921
1817750
1824182
1805406
1813290
1800219
1815676
1819514
1829472
1825842
1782895
1828643
1823871
1794825
1825323
1818165
1820136
1809867
1799389
1815572
1811008
1822211
1813290
1803435
1816194
1810696
1812460
1827087
1816609
1831340
1815779
1811734
1799078
1814742
1822730
1810385
1800842
1815572
1831029
1811215
1812979
1807688
1837356
1807688
1819203
1810593
1840883
1828228
1835697
1816609
1809970
1796900
1824389
1826568
1808933
1847211
1795655
1842543
1809452
1800115
1803746
1820136
1818995
1796588
1811526
1807999
1796796
1828850
1849390
1818165
1793684
1806547
1808518
1798456
1803227
1824597
1816194
1800634
1811838
1830095
1808414
1833414
1827294
1798041
1812771
1786526
1826153
1808622
1828746
1818684
1801464
1787356
1814120
1816506
1807896
1812667
1786734
1807377
1789846
1814535
1792128
1829991
1815883
1789431
1814431
1812875
1812667
1822522
1823767
1814431
1823041
1816194
1811215
1817854
1811734
1811734
1812356
1806028
1806028
1827709
1814950
1812564
1806547
1809970
1832999
1817128
1814638
1808103
1813601
1814950
1813186
1799597
1838705
1815365
1827398
1821174
1816713
1808207
1834970
1812771
1811215
1813912
1798663
1821485
1813497
1808311
1802086
1804369
1804057
1817439
1833311
1809452
1824389
1814950
1791298
1805198
1811630
1826879
1804991
1834763
1803331
1811423
1820759
1824389
1819410
1836838
1814327
1816817
1823456
1813186
1834348
1829576
1812771
1834244
1808414
1830614
1818995
1806132
1809037
1813394
1816402
1811838
1822937
1815987
1807273
1818788
1807169
1812356
1797833
1822833
1800012
1824804
1806754
1809555
1802813
1810696
1814535
1821589
1792958
1829472
1813808
1825012
1831651
1824078
1829058
1818165
1797626
1817543
1830717
1825738
1817854
1835178
1830614
1817854
1825531
1826153
1814120
1809970
1806962
1824908
1830406
1837045
1805821
1833933
1814327
1830095
1811008
1821485
1814742
1826775
1788808
1821277
1817647
1810489
1820759
1798559
1797315
1808518
1807999
1807481
1793165
1822004
1819099
1808103
1821589
1818684
1804680
1823663
1833311
1796277
1827294
1808518
1819721
1782066
1791194
1817128
1801879
1821277
1815468
1824286
1809244
1816713
1809140
1815157
1815779
1821070
1822730
1813601
1805510
1809970
1842854
1784659
1811008
1826672
1804576
1823560
1814327
1820136
1816609
1800945
1816817
1824389
1827398
1785074
1820551
1797107
1812045
1797107
1811526
1793476
1842336
1805406
1818062
1829680
1815157
1805406
1805821
1796796
1795344
1804472
1808518
1820136
1791090
1798767
1814638
1834867
1823352
1826257
1798456
1826049
1815365
1828331
1821485
1822626
1810800
1804680
1804680
1816506
1797003
1813601
1809867
1809348
1812356
1830406
1812045
1827502
1832273
1801775
1821900
1831547
1806651
1822626
1848560
1809244
1820862
1808622
1807066
1799493
1814327
1822107
1801775
1831651
1817335
1822211
1812875
1829058
1828331
1812252
1796900
1802605
1789016
1798663
1822522
1810489
1834348
1794721
1814742
1814638
1823145
1831651
1821900
1819306
1818062
1827605
1811838
1809140
1808311
1810178
1830717
1834348
1794514
1816817
1816817
1817958
1814327
1825219
1793061
1809659
1822626
1820759
1818788
1808311
1806236
1800530
1810178
1825116
1824078
1819721
1816091
1831858
1786422
1822522
1826879
1796070
1820240
1793165
1793165
1803331
1805925
1808725
1832170
1812564
1819099
1819514
1821485
1810904
1827087
1828746
1816402
1821485
1801983
1833933
1828124
1836008
1809659
1828331
1835074
1823663
1808725
1817232
1817543
1822937
1814431
1824701
1814846
1823352
1808725
1800427
1805925
1830095
1859971
1821796
1814223
1818477
1828539
1818062
1805613
1805510
1810281
1827398
1825945
1824078
1810178
1817128
1824908
1825219
1801257
1826672
1805717
1773248
1809140
1808207
1824286
1820551
1796277
1830095
1832999
1810593
1817128
1816091
1816817
1815676
1811734
1797730
1820759
1818995
1824286
1814431
1823456
1825012
1806858
1824182
1815365
1827709
1811838
1798352
1807377
1816298
1807273
1794099
1835697
1837149
1805198
1839224
1796796
1816194
1796070
1825842
1842751
1803435
1820551
1788705
1831236
1802501
1804576
1825323
1850012
1805095
1805302
1820966
1820344
1796485
1803850
1849805
1818269
1809244
1795655
1832273
1786422
1825323
1802190
1808103
1803954
1806858
1824389
1805302
1812564
1822833
1818165
1808518
1834141
1827087
1822937
1825842
1801153
1823352
1805095
1805510
1834867
1815261
1828435
1801049
1837875
1813912
1825531
1792958
1805510
1819721
1814950
1818995
1811526
1817439
1816713
1818477
1814223
1826360
1811111
1793165
1820655
1829991
1809452
1797107
1807999
1803850
1778953
1797003
1821589
1812771
1799078
1816091
1816402
1809867
1812979
1801568
1813290
1826153
1807896
1831962
1822937
1816298
1815261
1811111
1780613
1836215
1797522
1825427
1817958
1798974
1811941
1801879
1826464
1806754
1811111
1822730
1809867
1823560
1817439
1813290
1806028
1817439
1813394
1837045
1791609
1807377
1807273
1805821
1805613
1823248
1814120
1799493
1815779
1809867
1798663
1812979
1805510
1805925
1825427
1824182
1800427
1825531
1805925
1826879
1801879
1829472
1841921
1810385
1822730
1803954
1796796
1826672
1826257
1826568
1832792
1820966
1811630
1842647
1804887
1820551
1829887
1810800
1806547
1815572
1796796
1806547
1815365
1806340
1835385
1807377
1815365
1830302
1818477
1809970
1828020
1803642
1813497
1805717
1812667
1824286
1782688
1820551
1814846
1814431
1834037
1829369
1829680
1797315
1795344
1792647
1816402
1838290
1829472
1815676
1823560
1824908
1798352
1799908
1827087
1805510
1828020
1809555
1817439
1805406
1812252
1808933
1815261
1809452
1797937
1807999
1801671
1824908
1804265
1823663
1818062
1806651
1816713
1815261
1808103
1819306
1814431
1807792
1799908
1823041
1797003
1778746
1805925
1807273
1802709
1824078
1804576
1829058
1807481
1810178
1811319
1848249
1807273
1812252
1822937
1827398
1829369
1830821
1798871
1829265
1829887
1816091
1812252
1810385
1821174
1791609
1840053
1807896
1805406
1801049
1801568
1816713
1813912
1825323
1789846
1810178
1813705
1835489
1826879
1801568
1830406
1818373
1833414
1838186
1789534
1822315
1816817
1821900
1806754
1821900
1829887
1842024
1784659
1817232
1817232
1820862
1816298
1824804
1828643
1805095
1825116
1801775
1830925
1837356
1824908
1813705
1818995
1809452
1799597
1810593
1821070
1825531
1812564
1808103
1804887
1824493
1811008
1832792
1824286
1812979
1809244
1810593
1825634
1800530
1819721
1813497
1836319
1831029
1818684
1807273
1809348
1821796
1805510
1828228
1809659
1824493
1810904
1821070
1811630
1813601
1829887
1834348
1828643
1808414
1823145
1821589
1845136
1823767
1836112
1808414
1808311
1805510
1814535
1816506
1800530
1812667
1817024
1821900
1802501
1810800
1826153
1827605
1824804
1805302
1815157
1829991
1836112
1821589
1809452
1815572
1807896
1812460
1830821
1817024
1819203
1799182
1832066
1835697
1786630
1819514
1811630
1826775
1815053
1798248
1822522
1811215
1822418
1830717
1813912
1811111
1817958
1828954
1817335
1832688
1825634
1814950
1820862
1814223
1837045
1806858
1813808
1803435
1811941
1821070
1821485
1807584
1797107
1831340
1824182
1821589
1814327
1809970
1820033
1833726
1806132
1820033
1805821
1836630
1833414
1812460
1805510
1802398
1820448
1814950
1816298
1804472
1810281
1817958
1848975
1844514
1806443
1811423
1807688
1806754
1820136
1804991
1811734
1788912
1817232
1789742
1812564
1818062
1818062
1828850
1834763
1807688
1822211
1826049
1823560
1794514
1805406
1817024
1802190
1822626
1816817
1811008
1831755
1816921
1813186
1819929
1805717
1794099
1807377
1807584
1829265
1814223
1815987
1829058
1840468
1813082
1805613
1805821
1824908
1799700
1814950
1818891
1785074
1825842
1832273
1835074
1811838
1831443
1816921
1826568
1820033
1827709
1841091
1809348
1841817
1782895
1810696
1810593
1818165
1796381
1815468
1820655
1829680
1803850
1820966
1789223
1804576
1822937
1805510
1831236
1827398
1815779
1805095
1801464
1813082
1817647
1803124
1799700
1804887
1820759
1817543
1820551
1798974
1820033
1817543
1828020
1809244
1830614
1806962
1842543
1806028
1829058
1818165
1813497
1790053
1828124
1806651
1803124
1837564
1838705
1798352
1824078
1813082
1818165
1831651
1822833
1808207
1804576
1820759
1800634
1810904
1812045
1828435
1811215
1817647
1815676
1802501
1831029
1814638
1844099
1804472
1810904
1834659
1808414
1795966
1825219
1835385
1821174
1823663
1815365
1811423
1798248
1801671
1822937
1811215
1821070
1812356
1825842
1800530
1835904
1801671
1793684
1825531
1830614
1821900
1811734
1801775
1830821
1817439
1811941
1822107
1797211
1815261
1797418
1831029
1825531
1818165
1832066
1804784
1793373
1813912
1817543
1830925
1823145
1824908
1816194
1794929
1821174
1821277
1824597
1818995
1833414
1793373
1820655
1824286
1826775
1815468
1807999
1814327
1796277
1810593
1812875
1799389
1778850
1814742
1784555
1821485
1815365
1814638
1813912
1817335
1823456
1804472
1782792
1815053
1836423
1809763
1792439
1826257
1820655
1837356
1809452
1799700
1822315
1826879
1814327
1787045
1798248
1797626
1821692
1838601
1820655
1824908
1811423
1793891
1802294
1818580
1802605
1814223
1811941
1806443
1797315
1810281
1788705
1822833
1839327
1808414
1829369
1828643
1832896
1819618
1802709
1817958
1833311
1806028
1826672
1804784
1814431
1808725
1817854
1812460
1828954
1796277
1847937
1816091
1807481
1819721
1823560
1826153
1825945
1816817
1806547
1818269
1808933
1786734
1820551
1839535
1805406
1808622
1819099
1844203
1796588
1813394
1806340
1828124
1831340
1802916
1821900
1805613
1796381
1804887
1815987
1831755
1793373
1825116
1825842
1804369
1803539
1824078
1834348
1823145
1817439
1813497
1811526
1805095
1822937
1810489
1815261
1802190
1806754
1838497
1820551
1819929
1803124
1821796
1847730
1825323
1817439
1822522
1828954
1835074
1812149
1809140
1811008
1826257
1810178
1820759
1808933
1820966
1828643
1814120
1783207
1817543
1821070
1804784
1821381
1822833
1804680
1823871
1813394
1826983
1821277
1818062
1796381
1823352
1808725
1804576
1805095
1814327
1807377
1813912
1819203
1838082
1831236
1832066
1801568
1810489
1811423
1835593
1814950
1821070
1829058
1819514
1804887
1808829
1831340
1818580
1814535
1829058
1795551
1803850
1814120
1814223
1820240
1800219
1801775
1813705
1830406
1838705
1804680
1800634
1816921
1821070
1798767
1798767
1810593
1806962
1801879
1834037
1814535
1830199
1820033
1809763
1833311
1789949
1793476
1810281
1831858
1807169
1809659
1809659
1795966
1835593
1816091
1817958
1802190
1794825
1813808
1808414
1804991
1823767
1814846
1826360
1794721
1824286
1834970
1819410
1823767
1811423
1823871
1820448
1805613
1836008
1826049
1809659
1814638
1813186
1848456
1810385
1815468
1827709
1820966
1813912
1809037
1831858
1817854
1817750
1802398
1811630
1813912
1777397
1818684
1801049
1815053
1795862
1816091
1795655
1833518
1804576
1830717
1803850
1824908
1809452
1822937
1800842
1809970
1804057
1813601
1817335
1816609
1822107
1789742
1795344
1800012
1812356
1802916
1798663
1806754
1825116
1809659
1813601
1827813
1802294
1825945
1827294
1830406
1826153
1808933
1821900
1809140
1809140
1801360
1844307
1824804
1820966
1829680
1791609
1826257
1812667
1821796
1834970
1852398
1807999
1807688
1822730
1801879
1823767
1801153
1825842
1805925
1811734
1803539
1820862
1812979
1805406
1809659
1817024
1828850
1797315
1781547
1802398
1803954
1818165
1817335
1805821
1805821
1788393
1814535
1830406
1818684
1804057
1821589
1821277
1825738
1796381
1832585
1810800
1812979
1807896
1796900
1840157
1813290
1836941
1818788
1802709
1810489
1838394
1817958
1808414
1826049
1802813
1837045
1837771
1788808
1809140
1810489
1832585
1812979
1815053
1831858
1832585
1816921
1828331
1818062
1832481
1820240
1809867
1815779
1826568
1822315
1805717
1814120
1815365
1820655
1810800
1824908
1815365
1790779
1817024
1835489
1823145
1810696
1834556
1812356
1824493
1816298
1822107
1817543
1814431
1820551
1811319
1805925
1819825
1821174
1796485
1812564
1804680
1836630
1808207
1818995
1822418
1825945
1803124
1807999
1814950
1805821
1822418
1824078
1806858
1798248
1831443
1827605
1801360
1806028
1807688
1805613
1834244
1837460
1824701
1833311
1800530
1809555
1822211
1822315
1820344
1812356
1806651
1814742
1820966
1807792
1809348
1842232
1816091
1812875
1818580
1773144
1827916
1809659
1822522
1810074
1829265
1830510
1855821
1812771
1810281
1824804
1825738
1809970
1817647
1813912
1793269
1826049
1817024
1819825
1822315
1821070
1813394
1811319
1819306
1805925
1837564
1819618
1838497
1803227
1812045
1790157
1818373
1800634
1803746
1828539
1813601
1791920
1810178
1804680
1809452
1810178
1789431
1815779
1821589
1828746
1821796
1810696
1818580
1808103
1813601
1793995
1818373
1799908
1822315
1815365
1811423
1801153
1822937
1807896
1808829
1795032
1817958
1836941
1813705
1821796
1828850
1823871
1834141
1810696
1806236
1824078
1785904
1815572
1830510
1809452
1802501
1818580
1815987
1822004
1834037
1816091
1818062
1825116
1809244
1810904
1832896
1805717
1828435
1808518
1849390
1807377
1825116
1860386
1823975
1808518
1800427
1811319
1803642
1808725
1818684
1808103
1805095
1810696
1791609
1814535
1793788
1809867
1827605
1817128
1819306
1816298
1817647
1797003
1851464
1803642
1822522
1827087
1841195
1817232
1817232
1808725
1807792
1826360
1812564
1816921
1792647
1807377
1797833
1850220
1828954
1802709
1816091
1838601
1818788
1805717
1805613
1781339
1790053
1815261
1816298
1820759
1820966
1819306
1800634
1823145
1803539
1794721
1806132
1822418
1843684
1804369
1815365
1819306
1815261
1807792
1803539
1812564
1817543
1809140
1822937
1816609
1807792
1820448
1804369
1825219
1813497
1807377
1822315
1804161
1831340
1829991
1799597
1823145
1821900
1821277
1826775
1820551
1822522
1805095
1805925
1810074
1814638
1830199
1829472
1840157
1814535
1802294
1825219
1819203
1806132
1806962
1816817
1813601
1809659
1808829
1802916
1811630
1813497
1796796
1819099
1818165
1822626
1788601
1835697
1819618
1811941
1822211
1816506
1804265
1815987
1820551
1809452
1810074
1812564
1803331
1810385
1806858
1817128
1803746
1800634
1805821
1811215
1832999
1825116
1823663
1794203
1813912
1800012
1846381
1810385
1835697
1812875
1817335
1806754
1833622
1812460
1822833
1818788
1838809
1793373
1819721
1832792
1799804
1824078
1827605
1824286
1824804
1823041
1826360
1816921
1821485
1801568
1816091
1797211
1810281
1811008
1818995
1821589
1801671
1799286
1807273
1803954
1811423
1830199
1832688
1834867
1813705
1821900
1822937
1809348
1798974
1839431
1789327
1820136
1808311
1800427
1811838
1812667
1825842
1828228
1784244
1806754
1818995
1847211
1816506
1818062
1840468
1815261
1829161
1817024
1840261
1811526
1815676
1814223
1809452
1819410
1825116
1815053
1828124
1802916
1808622
1835593
1809659
1805821
1822315
1804265
1812771
1807999
1823145
1810800
1809659
1818373
1822004
1820448
1818373
1822107
1836319
1787356
1805510
1798871
1807169
1799493
1812667
1802605
1819721
1817854
1824908
1813912
1812149
1838912
1805821
1803020
1823767
1840572
1809970
1819410
1817958
1817543
1797315
1793684
1833207
1827813
1828020
1838497
1807688
1833622
1803227
1803746
1840780
1819825
1820966
1812460
1788912
1823456
1819306
1825427
1853332
1794721
1819618
1836215
1819721
1837771
1816817
1801671
1811526
1802709
1802501
1807584
1825634
1824701
1794929
1809555
1815676
1800427
1819618
1828020
1803227
1797003
1809555
1800115
1817128
1792958
1812356
1829058
1806236
1813186
1834867
1828746
1800634
1817024
1812564
1800323
1812149
1805821
1817543
1812356
1808622
1813290
1810489
1843477
1824701
1806028
1799078
1817854
1796277
1817232
1829887
1802709
1814950
1829058
1807481
1807066
1804784
1804472
1808207
1809970
1821900
1832170
1822418
1808622
1837875
1826775
1823145
1831755
1789327
1796485
1790261
1835178
1839742
1807273
1803539
1827502
1806236
1795032
1808311
1815261
1815261
1838290
1822626
1822418
1809555
1806651
1804680
1813186
1803850
1824182
1825945
1820759
1809244
1806443
1822730
1826879
1818684
1805717
1803435
1814638
1830717
1808725
1831236
1812667
1808829
1815676
1811423
1817128
1805925
1797315
1825945
1829472
1802086
1844099
1805510
1819825
1817647
1806858
1794929
1809970
1808311
1816091
1819618
1829369
1804887
1819929
1820344
1819514
1802709
1811008
1802398
1815157
1810696
1836008
1817647
1803124
1826568
1825427
1804887
1821174
1814742
1825219
1804991
1829472
1817232
1802709
1815053
1826153
1807066
1825531
1837045
1810800
1833414
1822211
1804057
1821485
1803124
1813705
1793891
1806547
1805717
1823871
1836941
1816402
1831132
1811941
1807896
1819203
1814327
1790053
1817647
1826049
1797315
1803746
1827294
1813808
1826257
1810904
1803331
1815261
1817335
1810593
1820655
1834659
1824493
1808518
1808103
1812460
1819306
1814327
1825945
1813497
1804784
1806132
1829680
1815261
1805302
1828539
1825842
1815053
1815676
1811526
1819929
1803850
1815261
1807896
1820033
1806443
1807584
1815468
1825012
1817854
1812460
1810489
1808829
1825531
1805510
1840365
1801879
1809244
1812460
1819929
1829369
1837149
1824493
1796485
1829058
1811319
1820136
1799286
1805821
1811941
1820240
1801671
1817958
1827190
1810178
1796796
1836423
1802190
1805406
1823248
1824804
1814016
1804265
1825738
1817232
1795447
1810904
1784866
1806962
1809348
1839950
1791194
1820344
1821485
1821277
1827916
1791194
1799597
1817439
1815572
1808311
1805095
1835385
1799182
1786837
1795032
1810178
1821174
1828435
1841195
1820966
1835282
1815572
1837771
1805821
1824597
1820448
1804991
1830614
1808103
1820655
1827709
1809763
1815987
1835800
1807688
1806547
1835904
1837460
1823871
1814638
1819203
1808725
1810178
1822626
1807688
1842647
1824389
1815779
1806028
1821381
1828228
1826672
1813290
1823248
1811630
1808933
1824908
1792232
1808103
1813601
1810593
1825738
1831443
1810904
1825634
1811111
1812564
1811215
1810800
1820759
1795759
1794617
1807169
1800945
1806754
1809970
1804369
1798352
1816609
1809244
1817439
1801983
1817335
1818165
1817128
1811941
1802916
1799286
1842854
1809348
1803227
1809867
1836215
1816402
1802605
1806858
1824389
1797833
1823767
1814638
1822418
1829887
1817439
1819929
1818684
1789016
1831443
1836734
1813705
1824804
1816921
1810593
1812460
1809244
1815883
1811423
1793269
1812149
1814535
1807999
1819721
1830406
1800530
1824701
1818891
1807584
1812356
1829472
1806340
1809140
1800115
1812356
1824804
1814431
1806443
1799908
1815261
1804265
1825427
1832688
1822626
1810800
1816713
1784140
1809659
1801775
1819721
1817543
1793891
1787356
1827916
1829991
1827605
1817024
1814535
1816402
1814638
1821381
1819306
1818891
1805302
1830199
1812252
1801153
1833311
1817024
1812252
1809244
1814742
1819929
1848145
1816194
1806443
1826257
1841195
1810074
1830925
1841609
1818684
1818995
1814223
1825219
1827398
1797730
1814638
1818891
1818165
1810696
1799078
1818788
1834556
1794721
1793165
1825219
1835904
1813705
1811215
1810385
1808518
1808207
1821277
1813082
1817024
1812149
1829576
1824804
1808311
1828850
1797418
1819203
1827709
1826049
1828954
1836630
1820448
1815779
1820655
1804161
1803642
1817024
1830302
1815157
1844825
1807273
1808207
1817647
1830614
1807169
1814431
1812149
1820136
1811838
1779680
1799597
1835178
1807481
1796900
1831443
1810800
1816402
1815676
1827087
1813705
1800738
1818995
1797626
1815157
1820759
1825219
1787563
1829472
1828435
1807688
1817024
1801983
1824701
1783414
1805717
1841921
1819721
1835178
1812979
1841817
1816506
1826568
1828124
1809037
1804680
1830717
1807688
1816194
1833103
1811215
1802398
1842647
1819825
1818477
1777397
1816091
1824389
1819203
1809555
1828435
1815572
1794306
1825012
1821381
1822833
1814742
1811215
1822418
1818269
1818891
1829887
1801257
1829369
1815572
1825012
1800115
1823456
1830406
1803020
1838290
1813497
1788290
1811215
1786941
1817232
1815883
1826775
1837253
1820759
1813186
1835904
1810696
1816091
1830095
1817854
1820448
1838394
1792958
1818995
1828954
1825012
1827294
1813601
1806962
1824597
1840468
1808725
1797937
1815779
1794617
1822937
1803954
1800427
1782792
1790053
1801360
1813912
1810800
1815261
1823663
1815779
1799286
1818269
1836112
1807169
1805510
1813290
1811008
1808829
1818165
1825116
1825012
1808207
1817958
1835697
1809140
1818477
1820033
1801775
1803746
1802294
1834970
1815365
1809452
1830406
1823041
1801257
1805302
1818891
1813912
1835800
1835800
1807896
1818580
1803954
1802709
1796485
1835800
1831132
1796277
1788290
1821381
1817024
1814846
1837253
1819306
1830717
1848145
1838912
1786111
1815572
1830925
1798663
1824908
1819618
1825842
1813808
1797833
1837356
1801775
1825427
1829576
1813497
1800945
1799804
1800115
1809452
1800530
1804369
1810074
1829887
1824078
1811423
1815987
1790364
1814638
1813705
1822937
1798456
1826153
1823041
1812252
1792128
1790987
1817232
1811215
1811734
1812564
1795966
1807066
1786630
1816402
1821589
1829887
1824597
1838186
1811734
1812875
1812460
1814950
1822211
1799389
1825219
1824908
1822522
1797730
1802813
1803020
1812045
1804369
1798871
1815572
1804576
1815053
1793891
1830925
1798663
1822522
1832273
1815779
1803539
1844307
1828954
1802605
1817024
1806443
1818062
1808725
1821485
1806962
1821174
1813912
1814846
1815157
1827502
1800323
1823145
1820033
1818788
1816298
1790468
1823041
1812356
1804265
1814950
1797107
1801879
1806340
1794410
1811008
1801983
1829265
1841402
1797315
1780821
1808933
1825842
1823456
1824286
1807792
1798352
1786837
1811008
1820136
1812460
1816402
1815157
1813912
1807999
1833829
1823767
1828020
1789742
1829265
1827916
1806028
1822315
1802398
1818062
1822418
1817335
1800012
1816091
1806547
1811111
1818269
1817543
1816713
1811215
1820033
1825219
1809037
1818477
1808518
1832792
1831962
1837253
1805717
1826153
1821070
1829784
1833933
1806858
1818684
1804472
1825531
1807066
1797522
1810385
1819618
1818062
1816921
1798041
1826983
1828746
1817543
1800323
1843892
1805095
1816506
1799804
1846589
1809037
1821900
1809867
1837149
1807688
1796381
1826464
1836008
1792958
1810385
1796692
1813497
1824286
1819618
1821070
1797107
1803746
1816817
1826775
1820862
1826983
1816609
1802501
1853954
1814535
1827294
1806028
1814327
1798352
1805821
1816194
1829472
1822107
1829784
1816817
1805510
1808103
1821900
1809037
1790468
1813808
1818891
1838809
1824078
1841298
1809037
1824701
1815261
1828020
1846070
1814742
1826464
1795966
1813808
1829161
1818580
1821589
1842439
1794721
1803954
1803331
1828954
1818788
1804472
1825842
1806340
1811111
1836215
1818165
1800323
1817750
1798974
1791713
1807896
1820862
1826983
1808725
1799908
1826049
1836319
1801153
1813082
1838186
1828331
1802398
1818062
1814846
1819099
1825219
1816921
1838186
1795862
1807169
1817232
1823041
1794514
1823145
1818165
1810800
1815572
1814742
1792335
1822937
1807584
1832066
1833829
1807377
1826257
1825219
1809452
1810696
1824493
1821485
1826049
1824493
1811838
1820136
1791817
1826672
1808622
1800115
1820240
1820448
1802501
1818165
1814327
1814431
1801049
1805198
1825219
1816713
1808829
1831755
1807066
1817024
1814638
1809348
1837979
1801049
1790987
1816817
1803954
1840572
1803539
1825219
1814327
1803227
1815261
1816091
1833933
1802605
1836526
1779057
1825531
1820240
1811630
1821796
1803331
1826672
1799700
1824908
1834452
1787045
1806651
1802294
1825738
1819306
1811838
1813497
1812771
1828331
1829784
1792024
1802190
1827916
1793373
1834348
1815157
1803124
1831858
1831962
1832170
1816609
1813394
1828331
1818165
1791609
1806236
1815261
1803435
1811008
1823767
1808311
1796381
1815572
1841609
1814431
1824286
1811008
1804472
1817854
1829680
1814638
1821796
1842439
1816609
1809970
1823663
1831755
1842128
1813186
1849182
1807377
1820240
1801049
1822418
1804369
1812875
1834867
1821485
1849908
1816091
1831029
1800945
1822522
1817439
1834348
1808829
1807688
1817024
1821381
1804161
1802398
1822004
1819099
1814950
1819825
1814742
1807792
1826049
1819929
1831132
1794410
1806962
1826464
1831858
1828850
1811008
1815987
1820655
1824804
1818269
1827502
1819618
1818684
1804472
1821692
1819721
1807066
1823871
1848249
1815053
1831340
1820344
1807688
1800738
1817024
1809867
1838497
1803020
1812045
1822211
1823975
1833622
1824286
1824286
1811630
1804057
1830614
1821070
1821174
1801153
1800738
1827398
1830302
1837253
1832273
1834244
1820448
1797937
1817439
1806236
1793684
1836112
1816713
1811215
1820344
1824908
1811630
1808725
1814223
1803746
1797315
1816921
1809970
1799389
1822107
1835904
1813912
1804991
1811941
1799182
1809140
1798041
1825323
1810178
1814431
1789534
1819514
1821485
1785489
1813705
1823456
1810489
1829991
1837668
1800738
1827605
1819514
1801153
1830821
1824078
1822004
1795447
1812771
1807896
1804576
1789223
1815676
1809244
1837253
1813394
1831340
1810281
1808207
1808207
1815468
1811111
1824182
1828539
1828020
1797833
1806132
1831132
1828539
1811319
1813082
1793684
1803642
1837875
1825531
1816194
1813290
1829265
1825634
1811526
1801568
1815053
1828954
1839950
1816091
1812979
1802605
1817232
1806547
1822315
1813912
1819306
1820136
1820551
1838601
1807377
1811526
1817024
1802086
1814223
1806754
1818477
1823975
1824701
1827190
1796588
1799597
1822626
1796277
1807169
1805510
1812149
1803331
1814431
1828954
1822522
1819721
1806754
1816921
1816609
1808103
1819618
1808103
1832273
1790572
1827709
1819825
1813186
1810593
1819203
1834556
1809140
1810074
1797626
1816609
1820136
1819825
1818995
1806443
1812667
1828435
1825219
1799286
1820655
1825634
1821589
1837564
1813394
1789534
1832066
1815987
1818788
1805510
1803850
1795655
1816817
1791090
1844514
1822833
1853643
1836008
1813082
1842024
1811423
1837979
1827813
1808518
1814120
1817750
1837253
1789534
1795240
1802709
1814742
1821381
1812875
1799804
1819825
1806651
1814742
1792232
1803124
1813497
1828124
1823456
1846485
1812460
1828850
1824182
1812875
1809452
1798456
1821381
1783414
1821174
1830717
1792439
1804057
1818165
1802086
1798456
1800842
1814327
1807792
1807792
1807896
1810281
1816194
1847107
1823560
1808725
1824182
1814950
1805198
1797937
1824597
1812252
1823663
1804576
1821381
1825012
1824078
1812149
1813186
1816506
1811838
1776568
1810489
1827398
1812979
1821692
1820655
1825323
1802813
1816194
1801153
1814327
1814120
1822004
1829161
1782273
1798871
1809867
1820966
1823871
1820551
1828124
1805095
1837771
1810074
1814846
1793165
1818580
1808518
1832792
1808207
1785281
1799389
1806962
1831443
1790364
1810489
1799597
1827916
1807377
1797211
1836215
1805095
1814327
1823041
1825323
1833414
1806236
1817024
1819618
1831547
1827605
1804161
1817647
1826257
1829265
1846278
1808725
1831547
1804265
1829369
1836423
1816817
1805302
1815676
1824286
1787978
1814223
1810800
1807481
1824701
1815987
1811111
1809867
1811008
1809763
1808725
1795032
1818165
1807688
1833207
1823975
1834659
1817128
1829680
1795759
1824389
1784140
1833518
1804576
1813705
1829784
1818062
1789223
1818891
1836215
1798352
1821174
1812460
1814431
1829680
1823767
1816609
1844203
1816298
1801049
1811111
1830095
1809659
1802398
1806754
1819514
1815157
1811215
1820655
1821381
1821277
1813705
1822004
1813705
1804576
1809763
1823041
1832999
1826568
1814327
1834763
1813808
1809659
1818891
1824078
1804991
1811423
1796796
1816298
1840261
1817647
1832896
1806547
1820344
1813808
1793788
1820655
1823145
1813394
1812564
1814638
1819410
1801568
1833829
1832273
1832170
1826568
1811630
1805925
1815365
1821900
1809763
1807377
1820033
1807999
1818580
1799078
1787460
1818477
1792750
1785800
1839016
1800945
1845551
1802294
1838497
1814535
1819929
1793995
1799700
1815987
1807999
1827087
1782792
1810800
1817958
1834556
1796588
1805613
1808518
1818477
1800738
1833103
1791609
1800530
1822004
1820136
1808518
1824389
1833311
1826464
1831443
1796173
1830614
1821692
1846900
1813394
1849078
1821381
1839639
1814431
1831755
1812045
1810074
1815987
1810904
1822211
1828228
1805302
1811838
1812149
1832585
1820862
1822522
1806443
1815157
1820136
1809763
1811630
1816091
1839327
1799493
1807169
1803746
1834659
1823248
1826672
1808103
1814016
1815157
1825842
1804887
1778850
1840468
1809555
1811319
1810074
1808311
1809970
1792439
1820551
1817647
1808933
1830095
1827294
1821589
1820448
1815779
1817958
1796796
1825427
1809140
1806443
1803435
1818580
1832377
1802294
1831236
1831547
1811838
1826879
1818477
1806443
1814742
1808622
1818477
1814638
1823456
1822522
1816609
1809140
1819929
1813497
1813705
1812460
1828539
1807169
1802916
1804576
1838394
1804161
1802813
1828435
1812356
1827605
1806962
1830510
1831858
1804265
1803020
1812667
1808622
1817024
1815157
1824908
1807584
1796277
1786630
1834867
1794099
1791920
1795032
1795447
1823871
1815987
1819721
1808103
1828954
1804784
1814535
1818373
1786837
1811941
1815676
1838290
1820033
1813394
1819514
1819721
1818684
1811008
1815676
1840468
1810593
1836526
1814638
1811630
1817958
1797833
1805095
1834141
1820448
1820033
1829472
1823041
1802190
1823456
1827398
1826257
1792128
1811838
1817024
1819410
1829887
1813808
1789846
1816817
1811526
1817750
1819721
1825945
1798559
1817232
1812460
1817750
1832481
1822315
1822937
1834867
1799700
1814742
1833622
1827398
1832999
1811734
1817024
1818373
1784866
1800945
1822730
1805821
1811838
1807999
1839639
1826568
1823248
1830510
1822004
1831340
1805198
1829680
1803539
1812252
1810904
1796173
1817854
1834659
1804369
1799286
1804991
1846381
1826983
1804887
1807066
1829369
1822107
1808518
1818269
1808414
1816713
1814120
1824389
1819203
1814327
1799804
1820344
1826983
1819929
1826153
1811630
1820759
1809140
1802605
1815779
1813394
1806651
1804991
1845759
1816817
1817958
1804161
1835800
1826568
1808311
1797937
1806858
1835593
1814327
1824078
1796277
1829576
1804472
1825116
1819929
1814742
1805717
1810385
1819099
1823145
1800012
1835489
1799389
1817543
1799597
1822730
1829680
1812771
1823145
1828850
1802190
1820136
1836526
1815157
1801775
1832585
1804991
1791090
1808725
1802813
1811941
1815987
1826775
1816194
1833518
1817543
1808725
1828643
1827502
1808414
1800738
1808207
1783103
1813705
1820240
1838082
1817854
1850738
1813394
1823560
1825531
1811111
1830095
1811215
1817854
1786734
1817024
1814431
1813186
1803124
1833726
1834141
1819410
1811526
1817335
1820448
1819099
1799389
1807584
1808207
1801360
1797003
1826672
1829161
1796485
1790157
1818373
1805821
1811734
1831547
1832170
1789949
1817958
1832896
1804991
1804161
1821485
1813601
1797003
1804576
1823248
1808207
1834556
1823560
1800323
1815779
1828435
1806443
1839327
1810696
1801360
1814638
1824908
1821070
1838809
1825427
1793788
1823663
1808933
1807066
1815987
1826257
1799804
1811111
1795136
1812356
1802501
1835489
1824493
1810281
1804887
1849078
1810904
1813497
1836215
1816091
1821485
1803020
1817439
1840676
1832170
1812045
1821277
1799078
1802605
1798352
1818891
1820136
1818062
1817439
1825116
1813290
1830821
1811838
1812149
1794721
1813601
1830302
1805302
1833622
1821070
1804057
1812356
1807066
1799286
1809348
1814638
1829680
1818995
1816402
1799493
1800842
1800945
1811215
1829784
1829887
1829680
1811734
1829991
1803850
1843580
1815676
1806443
1805302
1823248
1816091
1806443
1800115
1820344
1800012
1830199
1796173
1818373
1818995
1797626
1805095
1816506
1810800
1808518
1826257
1810489
1827294
1816298
1831236
1827916
1823352
1812252
1806754
1824493
1803954
1830821
1817543
1845863
1798248
1840987
1810904
1792335
1817439
1803435
1810281
1816506
1820136
1810800
1808207
1787356
1808725
1835593
1798974
1845551
1806028
1832585
1775115
1824182
1805095
1817854
1807377
1820448
1807688
1801983
1817750
1839016
1799389
1818580
1809763
1835904
1838290
1831132
1798041
1794410
1798352
1826775
1814016
1803124
1811008
1811526
1807584
1814327
1818165
1796485
1825012
1824908
1783103
1821692
1800842
1839120
1830614
1811630
1829991
1830095
1800427
1817647
1822937
1816817
1820344
1792958
1797003
1810074
1818684
1817543
1812149
1802398
1815572
1823975
1818995
1819203
1812771
1818269
1840676
1834452
1806236
1804057
1803124
1820136
1835385
1796485
1821381
1825219
1809037
1817232
1812875
1806754
1827916
1836423
1817750
1792647
1843269
1817232
1809659
1836941
1804680
1823352
1813394
1819618
1819929
1829369
1829887
1822626
1811526
1813705
1815365
1826879
1815157
1827087
1823456
1803850
1805302
1801775
1816402
1825842
1830510
1807999
1820966
1811008
1809140
1815261
1820551
1804680
1808725
1819618
1818891
1829161
1810593
1815468
1811111
1813394
1798974
1810281
1840883
1813601
1833311
1819929
1817335
1811215
1833933
1807792
1808829
1820966
1809244
1826360
1816921
1807584
1806340
1814223
1811734
1809659
1814327
1827087
1834659
1822937
1802086
1816091
1814016
1816506
1816609
1849701
1809555
1837149
1818373
1827605
1808311
1822626
1807273
1825945
1817335
1812564
1829058
1831340
1814950
1818995
1820862
1849182
1829680
1837771
1835178
1807377
1814742
1816506
1826775
1811734
1832999
1808829
1844825
1804576
1805613
1830614
1804680
1822418
1801049
1803850
1813186
1837668
1806858
1819306
1792854
1814535
1811734
1829887
1803539
1815572
1812045
1810281
1811838
1806754
1806858
1823456
1833207
1802086
1812771
1803642
1816298
1824286
1813186
1822730
1804472
1808622
1800738
1790053
1807688
1811630
1816298
1828954
1819721
1820033
1809140
1804887
1838601
1825634
1809037
1809970
1816194
1821485
1813186
1816506
1815365
1828643
1802190
1804057
1799700
1810489
1821277
1812149
1812356
1827605
1825738
1800945
1799493
1800842
1807273
1821900
1832896
1823041
1823871
1807584
1815676
1818165
1815365
1821589
1832792
1800634
1813912
1815779
1822833
1794617
1818684
1823041
1810178
1821485
1817335
1799389
1815365
1811838
1821070
1815883
1828435
1808518
1805406
1815779
1804991
1825427
1799286
1837668
1827813
1799182
1820240
1805095
1813290
1821485
1797003
1826672
1818995
1815261
1829784
1822833
1820759
1818788
1832792
1823352
1817024
1817128
1807584
1833311
1822730
1797315
1816817
1823248
1810904
1833933
1815157
1798767
1816194
1837564
1821381
1822004
1817128
1795344
1828331
1808207
1807688
1801153
1811008
1825219
1828020
1802294
1804784
1814638
1818269
1843269
1825323
1812252
1825945
1838290
1841195
1820966
1811423
1814950
1821070
1817854
1840987
1820759
1813186
1800738
1808725
1830406
1821796
1836112
1826257
1833933
1831236
1845966
1816298
1832896
1813705
1804161
1818891
1816713
1816713
1810074
1806132
1818995
1812875
1817543
1818269
1830925
1802190
1825012
1800427
1825012
1827398
1820966
1818788
1801671
1803850
1809452
1836838
1820344
1816506
1823352
1842128
1811008
1807584
1806858
1822626
1799389
1827294
1805302
1823248
1809867
1798144
1831236
1810385
1796485
1819514
1821900
1814016
1822937
1820862
1812875
1800634
1821485
1799804
1827190
1804161
1813808
1829887
1814950
1796900
1794099
1801775
1811423
1828954
1819721
1805510
1835385
1815572
1837045
1826775
1823041
1808103
1809037
1822833
1833933
1804161
1795655
1830717
1799286
1828124
1813186
1819618
1805717
1813290
1821485
1825842
1799389
1792128
1807584
1807896
1803746
1813186
1812149
1815261
1817232
1790468
1826049
1810904
1818477
1806547
1829887
1817958
1803227
1818788
1814327
1801360
1842543
1819618
1805717
1813290
1822004
1807896
1834970
1798663
1824286
1807169
1807688
1812979
1803954
1808933
1833311
1833207
1811526
1827709
1817128
1830406
1819721
1821277
1797211
1798248
1817543
1815883
1826568
1840468
1800012
1825634
1824182
1804161
1828331
1820240
1788393
1832688
1816506
1819825
1824701
1803331
1829680
1831443
1807584
1803850
1831132
1809970
1808207
1822418
1807273
1817543
1807896
1816194
1798144
1815365
1813497
1798041
1788808
1816609
1824078
1806340
1810593
1809348
1832999
1794410
1817750
1805198
1810593
1805717
1813705
1800323
1794929
1821589
1828435
1815779
1826879
