1845966
1827398
1821796
1802294
1818062
1811734
1840468
1835593
1812460
1796485
1786215
1815676
1823975
1812771
1806651
1806132
1802709
1809970
1834037
1791817
1812667
1824597
1797626
1840572
1816506
1792647
1804472
1806028
1823248
1812979
1813912
1795966
1802501
1806962
1827398
1805198
1812460
1817232
1827916
1796381
1828228
1802709
1807688
1821796
1810800
1816194
1802086
1813082
1822004
1829058
1811630
1803954
1822522
1813808
1816298
1821070
1830199
1797315
1821692
1829991
1796173
1813290
1811630
1812564
1835178
1832585
1819618
1828746
1799182
1831443
1816194
1841402
1833622
1827813
1799804
1793373
1813601
1829058
1812460
1813705
1816402
1817854
1796900
1825842
1799182
1830406
1817750
1818580
1802190
1830614
1808414
1814223
1813808
1820033
1812252
1806340
1802501
1825323
1813290
1826775
1815261
1837875
1815676
1836526
1813808
1817128
1811941
1840053
1829576
1825945
1836423
1823767
1808207
1820551
1804057
1794410
1820655
1826049
1807481
1791090
1804057
1807169
1806754
1803124
1827502
1822730
1812979
1794825
1826879
1821796
1806340
1811941
1809970
1801879
1812875
1785696
1817232
1795136
1797626
1817854
1792854
1833414
1806443
1822418
1821900
1818788
1823456
1810593
1796277
1836526
1806651
1816298
1803227
1807377
1826568
1825738
1845759
1810593
1811526
1818580
1800530
1799078
1822937
1807481
1832792
1818788
1825738
1820240
1797315
1852709
1814846
1814638
1835800
1794203
1776360
1812045
1798767
1802813
1826983
1814742
1809244
1809452
1833933
1805510
1808933
1820033
1833207
1815157
1848663
1817958
1795344
1821070
1827605
1811630
1809970
1835904
1804369
1792439
1803331
1820966
1807792
1807584
1793580
1818995
1798974
1823145
1839016
1800115
1814120
1790468
1791505
1837875
1818165
1810281
1813601
1801983
1835904
1797730
1834763
1814638
1807066
1809140
1820551
1806028
1809452
1801257
1819721
1810281
1806132
1790987
1806340
1796381
1795240
1811838
1783829
1809244
1827190
1804472
1823041
1785074
1822315
1823663
1829680
1813290
1816402
1804161
1798456
1809659
1821381
1834452
1820966
1790572
1791298
1803124
1825323
1817128
1823041
1827605
1798871
1803850
1830406
1810696
1809140
1807169
1818477
1835074
1797315
1834141
1829265
1809970
1819825
1838082
1797522
1828124
1832585
1818062
1828746
1831236
1818269
1834867
1803642
1827605
1794099
1809763
1811215
1817958
1800012
1814120
1819099
1811423
1811838
1826049
1818165
1812045
1810178
1836838
1816921
1835593
1814223
1818684
1822418
1818891
1818165
1802086
1818684
1820551
1812045
1828435
1826257
1818269
1817854
1823663
1811319
1796900
1807481
1812356
1822730
1819306
1812252
1812875
1809763
1814120
1828746
1830717
1841817
1794410
1802294
1825219
1831443
1831132
1815365
1826464
1795551
1820551
1817647
1828228
1807896
1811008
1820551
1807792
1808725
1791609
1840261
1774493
1827087
1807999
1787875
1813290
1824804
1822315
1822315
1822315
1802813
1839120
1819099
1813186
1834348
1844514
1842647
1845448
1804265
1836112
1806132
1833414
1800945
1822211
1825116
1811941
1801568
1790987
1812149
1824701
1831132
1792128
1807896
1813601
1812667
1817232
1808518
1810593
1823560
1799804
1821381
1804887
1810904
1840053
1833207
1839535
1804784
1822107
1825634
1812356
1816713
1806547
1835904
1831340
1818062
1826360
1818684
1818165
1815779
1815987
1800738
1824286
1830614
1839016
1828539
1814950
1832999
1800427
1783207
1815572
1798974
1810593
1836319
1791402
1812667
1798248
1839431
1831755
1841921
1818269
1829265
1801568
1826568
1827709
1834556
1808829
1822211
1813394
1817439
1816506
1801464
1785800
1810800
1822833
1818580
1817543
1814431
1796173
1824701
1799286
1805925
1835593
1807066
1812667
1832377
1818684
1808725
1817439
1829058
1785489
1825116
1803954
1796588
1821070
1802605
1812149
1815883
1829265
1833311
1840365
1803642
1821174
1800115
1827813
1827190
1789534
1811734
1814120
1807481
1843684
1846174
1826879
1828228
1820344
1812460
1810074
1816194
1831029
1825012
1813912
1828228
1817232
1817128
1799182
1828643
1788912
1800219
1835178
1818165
1803746
1794929
1820862
1811526
1845344
1826879
1838497
1795862
1835489
1796485
1809970
1806651
1796381
1807688
1806028
1799908
1810593
1775945
1844410
1813394
1813394
1804057
1804576
1822315
1815779
1801775
1831029
1827502
1829265
1822315
1816194
1815468
1814223
1830614
1816091
1830510
1816921
1783829
1797211
1834867
1816298
1793995
1811319
1809555
1804369
1824597
1819618
1826879
1810800
1830821
1808414
1800842
1826568
1808207
1825012
1794617
1822315
1814950
1832273
1826983
1821692
1822730
1795862
1841713
1832066
1785800
1838394
1847730
1819825
1815157
1794929
1819410
1831443
1804265
1803227
1809555
1825531
1833726
1807377
1812771
1820655
1820136
1830925
1792128
1809970
1801153
1826879
1824286
1816817
1841298
1800634
1804057
1795759
1802190
1836008
1800945
1807688
1813705
1795344
1818684
1809452
1806236
1806547
1823871
1813705
1824078
1817647
1807169
1811526
1811423
1808933
1834763
1798663
1804680
1832066
1818788
1818580
1800842
1806754
1809763
1829369
1817854
1820240
1817854
1841817
1832481
1816921
1795655
1826257
1839639
1815261
1841298
1821070
1828331
1830717
1806236
1791505
1834970
1787356
1815572
1815883
1815779
1801775
1820966
1814950
1801671
1796485
1805613
1846174
1817024
1798559
1806547
1807481
1823663
1865572
1800634
1808207
1824078
1813082
1799597
1828746
1832585
1823871
1800012
1789431
1825427
1833414
1814327
1820862
1805510
1808622
1812460
1799493
1820966
1823663
1818580
1822626
1800012
1806132
1822107
1816506
1810800
1815779
1799389
1814327
1796796
1825738
1805510
1808103
1833518
1823456
1821174
1799182
1817750
1799493
1804887
1815676
1834244
1785800
1788912
1808207
1822522
1815157
1825945
1806340
1804680
1809763
1805302
1811630
1804265
1812356
1809348
1809140
1837668
1818477
1815261
1807481
1824701
1805925
1817024
1795240
1809452
1789949
1817128
1826672
1799804
1791298
1814950
1805925
1805198
1823145
1829576
1805510
1826879
1809037
1807999
1796796
1820966
1810489
1826983
1797730
1821070
1817128
1802190
1792232
1815468
1809140
1821589
1822937
1787978
1811423
1819929
1806443
1823560
1790987
1817232
1823456
1828850
1793061
1816402
1810593
1832792
1814431
1808414
1826983
1820033
1829576
1809970
1854576
1811734
1833518
1815261
1813394
1826360
1783829
1812979
1825634
1811008
1809659
1807377
1808518
1813705
1792647
1814742
1819099
1809659
1814742
1827605
1803642
1829058
1811215
1810696
1813912
1813601
1825116
1800634
1833829
1801983
1817854
1807377
1798352
1796588
1822315
1814535
1802086
1820033
1791298
1831858
1798041
1809348
1823145
1798559
1813808
1796796
1807792
1833207
1822626
1809452
1821485
1811215
1828435
1800427
1805095
1821589
1823560
1842751
1818165
1821277
1811319
1844825
1843995
1834970
1808103
1837564
1835904
1790572
1818788
1808933
1817128
1812356
1806858
1849493
1813808
1819825
1819410
1824078
1829680
1821485
1819721
1833207
1830821
1815987
1809244
1818373
1806754
1804576
1800012
1815676
1812149
1796173
1797626
1824804
1833311
1831962
1816298
1851776
1824182
1782999
1806858
1803020
1811423
1806340
1800738
1792647
1790987
1813394
1812356
1809659
1813394
1822626
1819306
1800530
1819514
1800427
1799804
1842128
1823248
1828435
1807169
1829058
1828643
1830925
1821485
1814638
1799182
1812149
1831236
1835697
1813808
1810178
1813912
1822107
1806858
1807792
1813912
1822418
1823560
1824908
1800842
1817232
1823767
1816091
1822107
1825945
1821485
1799182
1825842
1815468
1828539
1798144
1805821
1809244
1795551
1791505
1820759
1811630
1799182
1804576
1812149
1825219
1801568
1828850
1817024
1795240
1839639
1815572
1796381
1807792
1834970
1817958
1793995
1806443
1799182
1824182
1818373
1802605
1810489
1790883
1831029
1834970
1814535
1806651
1827294
1805821
1811008
1821589
1788705
1833933
1816091
1816506
1782480
1817958
1795032
1802398
1810489
1778642
1839016
1789846
1791920
1826257
1806858
1801464
1830510
1796692
1848871
1826983
1799182
1823871
1791505
1827709
1826983
1826672
1802605
1823352
1815987
1818373
1843580
1804680
1791505
1812460
1823975
1811319
1793995
1821381
1805510
1794825
1816298
1824389
1832273
1798248
1834763
1830614
1806443
1807169
1819410
1828228
1811423
1828228
1807377
1796796
1802709
1813082
1829265
1831651
1814223
1824597
1817232
1810904
1837356
1807481
1808933
1837979
1852190
1814638
1793165
1806132
1799908
1812667
1827916
1812460
1827087
1840053
1809140
1813497
1827916
1814327
1805717
1809452
1833518
1818373
1832585
1803435
1823663
1807481
1797730
1798767
1823248
1818062
1811734
1819203
1812979
1813705
1805302
1801049
1787252
1829576
1826672
1803954
1824597
1825427
1806651
1787356
1832792
1809970
1801879
1815987
1820862
1831236
1839431
1816921
1807273
1815468
1828746
1804472
1815365
1829887
1814742
1830302
1828124
1808622
1822937
1801049
1822107
1845655
1802190
1822418
1822626
1832896
1823456
1816713
1789327
1815572
1808725
1802916
1821485
1814431
1834452
1805198
1834970
1828746
1835385
1828331
1809970
1822730
1813186
1827087
1801049
1820136
1818373
1798144
1808207
1837460
1831547
1788808
1803746
1827605
1794203
1835489
1815779
1808207
1814016
1819410
1807688
1817439
1809970
1821174
1797626
1800219
1830302
1815365
1827398
1791505
1812356
1807896
1819514
1824389
1796692
1800945
1797107
1815572
1833726
1815157
1780613
1828746
1825116
1817958
1804680
1806028
1790676
1839742
1823871
1817750
1821381
1843995
1808725
1798559
1831029
1838497
1798767
1829472
1796796
1798041
1825531
1821070
1813808
1835074
1827916
1842751
1808311
1795966
1822833
1812875
1834141
1825116
1820344
1806754
1822004
1796485
1831651
1824493
1806028
1819306
1823975
1811111
1793891
1818891
1829991
1807273
1803435
1803746
1834244
1831443
1794099
1793165
1811941
1807481
1811008
1817854
1820136
1825634
1816609
1793684
1827605
1798974
1802605
1822730
1824701
1808622
1803539
1828331
1813808
1794825
1813186
1844307
1828020
1813912
1819618
1805925
1828539
1788601
1836112
1801464
1825531
1823145
1796381
1817439
1816921
1819099
1800842
1806236
1806547
1792750
1797626
1829369
1800842
1827709
1847730
1814431
1807999
1817232
1808207
1807481
1825531
1836941
1819099
1820759
1811630
1804161
1814742
1814742
1816506
1828020
1823663
1808311
1809037
1809452
1811526
1789534
1827087
1836112
1817543
1814120
1821692
1811838
1793476
1822833
1824908
1828124
1816194
1840987
1806132
1795759
1825842
1814846
1827502
1792439
1814638
1821070
1807169
1812979
1825634
1829265
1827087
1843892
1801153
1796173
1818580
1850531
1834348
1820240
1792335
1815987
1815779
1824493
1808725
1782169
1785178
1800323
1828124
1810385
1799078
1825323
1823663
1813497
1790676
1820240
1836423
1847522
1817750
1808622
1813705
1827087
1807792
1815987
1790572
1803435
1817232
1810385
1825738
1816402
1825012
1786007
1793995
1825012
1819825
1786734
1803124
1838082
1811838
1800427
1818891
1805510
1829991
1827087
1824078
1802190
1822418
1797937
1807688
1809140
1779161
1834141
1792854
1835282
1828643
1805302
1805302
1806443
1830614
1808622
1837979
1810800
1813808
1846693
1857792
1807169
1792232
1787875
1831547
1800219
1811734
1836526
1805510
1802605
1824597
1802086
1823248
1820655
1807481
1798663
1781651
1803020
1836526
1809970
1840883
1819306
1818477
1797107
1805302
1822211
1804991
1795136
1843269
1797107
1818684
1788393
1809452
1796692
1786007
1800530
1820551
1814846
1799908
1800012
1817647
1842647
1805510
1797211
1797730
1799493
1808518
1816194
1793684
1820862
1806962
1828331
1792543
1806651
1791090
1816194
1809244
1822211
1806132
1820344
1803954
1804369
1794203
1797107
1802813
1828746
1816298
1809452
1823663
1811008
1819929
1819099
1839120
1815883
1829265
1821485
1804680
1793476
1822522
1797522
1810593
1800012
1807273
1791194
1819099
1802813
1829991
1802813
1812149
1816506
1801568
1807896
1810385
1831029
1797626
1808518
1809037
1835282
1823456
1830614
1810281
1834970
1814223
1811423
1826568
1825842
1817543
1827605
1796485
1814638
1808622
1803850
1839120
1807169
1838705
1847626
1807169
1816402
1798663
1836423
1820759
1831443
1836838
1825634
1834659
1804784
1816713
1795862
1812771
1825738
1838394
1810593
1829784
1833726
1814638
1823663
1816194
1798041
1832066
1817232
1822626
1805198
1809140
1794099
1807584
1793788
1788082
1807584
1812460
1820551
1824078
1833829
1802190
1812356
1807273
1800530
1794203
1781547
1816817
1825323
1813186
1810593
1839846
1805821
1819618
1828435
1800012
1803954
1780821
1784866
1833311
1845759
1825116
1819099
1799286
1817335
1834556
1814950
1794410
1843477
1802605
1809763
1789016
1780302
1811111
1832273
1814327
1814327
1835282
1813394
1816402
1814846
1801879
1832273
1790572
1795862
1824908
1810800
1817128
1816506
1814535
1799182
1806132
1807273
1832377
1831858
1827398
1847522
1815157
1818580
1806651
1814223
1799182
1827087
1791090
1798559
1818373
1828435
1831132
1837253
1805510
1808622
1829265
1843269
1817647
1824701
1829472
1829369
1817750
1821589
1807273
1804265
1805821
1832481
1816609
1820759
1822937
1817543
1824908
1805095
1812045
1824597
1819618
1808207
1824493
1836734
1827087
1819618
1804991
1817439
1823456
1795032
1857585
1812875
1822418
1820136
1815157
1832170
1833933
1807896
1817958
1818891
1828020
1817232
1802709
1822315
1823975
1809140
1811319
1811838
1796796
1824286
1834452
1805613
1806028
1822004
1831651
1824804
1804784
1844825
1808311
1814846
1807066
1828850
1803227
1794306
1840987
1837979
1809452
1807999
1819514
1788290
1803331
1813394
1810281
1796692
1823975
1802916
1836734
1813705
1800738
1828435
1829576
1817128
1786319
1836008
1779057
1822211
1806443
1810178
1810385
1803642
1812667
1827087
1809244
1816194
1790261
1816506
1842854
1817232
1809348
1819099
1809970
1802086
1819721
1789846
1789016
1800115
1810489
1813497
1813290
1813186
1832273
1803642
1819618
1810489
1834037
1821381
1814638
1826672
1840157
1815779
1840987
1821381
1818062
1808622
1793269
1814327
1814431
1801153
1817232
1809659
1810178
1808311
1792543
1807169
1809037
1806651
1804680
1815779
1807481
1805821
1797626
1806236
1833311
1826464
1810904
1810800
1819306
1826879
1800115
1796070
1818062
1821277
1794099
1809244
1818477
1797522
1798663
1805821
1809763
1812771
1803539
1833207
1801775
1812149
1805095
1820240
1810904
1821589
1805717
1829887
1786215
1808933
1833311
1799804
1832792
1790261
1815468
1815676
1814535
1831443
1833726
1821174
1799908
1813290
1820862
1828954
1823663
1836630
1831132
1799804
1814950
1821485
1814742
1819306
1835489
1805406
1836838
1811008
1825323
1806236
1814535
1819825
1805925
1807896
1833414
1800427
1828435
1832066
1812564
1821381
1806547
1817647
1818373
1814016
1828954
1805198
1845033
1812460
1816921
1811319
1828539
1828539
1825945
1820551
1805821
1808103
1798041
1823975
1819410
1818062
1828331
1805925
1794410
1822626
1808933
1805095
1798559
1812356
1796277
1823352
1797107
1822004
1812564
1804369
1830821
1812356
1807066
1814120
1802398
1807273
1809763
1820448
1816194
1809867
1810385
1809037
1811838
1817128
1804576
1823041
1825323
1798767
1837979
1802086
1825842
1809140
1830406
1822626
1814535
1823767
1806962
1833829
1849286
1814016
1806028
1810593
1788705
1790987
1815261
1806651
1773248
1802398
1813912
1807688
1797937
1806443
1808725
1795447
1810281
1804887
1815157
1819099
1828850
1810696
1811215
1796381
1825116
1808933
1822315
1788393
1802398
1813601
1818477
1822730
1795655
1826464
1811526
1838394
1816298
1808622
1829369
1833311
1814535
1846693
1827294
1818477
1814431
1809140
1816506
1836630
1835074
1782895
1823975
1790157
1818891
1842751
1781547
1826257
1812979
1802813
1820033
1810385
1819825
1815365
1801049
1830821
1803331
1820655
1822315
1798663
1830302
1799908
1789016
1813394
1802709
1831651
1818891
1819929
1814846
1803435
1821070
1818269
1836838
1793684
1826153
1833311
1802501
1801153
1809037
1808414
1823663
1804991
1824597
1803435
1828539
1816921
1823041
1828850
1820655
1791402
1814742
1837149
1816402
1843788
1827813
1811215
1813705
1837149
1826879
1803746
1834763
1819410
1820344
1794099
1833414
1842439
1798144
1820240
1831755
1829576
1790261
1798559
1819306
1804161
1811008
1817439
1811319
1805510
1788912
1811734
1799493
1807584
1815779
1808933
1818269
1808622
1798663
1829576
1817335
1806340
1839742
1812149
1809970
1808725
1818891
1815883
1826775
1818891
1795136
1785281
1798352
1799078
1830925
1832170
1808103
1837875
1820655
1814950
1790468
1822937
1827502
1804680
1828643
1826049
1843995
1831132
1796381
1816713
1839742
1795136
1804265
1821485
1801049
1814846
1806028
1814638
1812356
1828954
1825531
1851257
1813082
1827709
1815779
1791090
1811319
1809244
1840468
1817543
1816921
1802294
1819099
1792854
1796485
1818165
1813705
1827087
1799286
1819929
1814638
1811734
1823871
1835385
1801983
1805095
1829265
1816298
1810178
1804784
1826464
1818477
1832066
1814223
1801568
1815365
1825427
1813186
1792854
1842336
1809555
1812252
1818477
1814120
1815779
1839431
1818373
1818684
1827916
1814950
1824493
1788082
1834867
1824804
1839950
1815261
1827813
1812045
1812979
1815053
1805198
1793476
1804161
1830406
1830199
1809452
1814742
1824597
1794825
1803331
1788290
1797730
1815987
1819203
1819306
1836734
1820655
1840365
1816713
1812356
1787978
1818995
1837356
1830614
1834763
1797626
1821277
1813705
1834037
1814742
1788601
1829265
1802501
1802398
1800842
1806028
1825323
1816091
1837875
1811526
1805613
1820033
1822522
1807066
1864327
1832481
1807273
1794306
1819721
1813705
1794929
1806443
1803124
1810800
1808311
1833518
1814120
1813290
1802190
1802709
1809244
1846070
1813705
1830406
1814120
1810800
1797522
1815053
1794929
1804576
1822004
1808311
1813808
1822004
1817128
1831651
1819514
1826360
1796588
1814742
1775738
1806651
1796900
1823767
1800323
1833311
1824493
1793165
1838497
1803435
1814327
1820551
1811423
1831340
1815468
1830925
1808103
1810489
1809970
1815779
1829472
1813394
1801464
1826257
1807584
1832066
1805095
1802294
1812771
1820759
1831443
1815261
1813497
1789016
1812045
1809555
1803850
1804576
1794514
1819618
1811526
1807792
1833726
1795655
1834244
1810800
1827398
1825427
1839224
1797730
1812771
1817647
1812356
1803331
1827398
1808518
1816091
1800323
1816506
1827502
1808103
1811423
1843684
1813808
1830614
1816091
1820862
1828124
1828228
1821796
1814120
1817750
1795551
1844099
1834556
1818165
1823871
1804265
1825116
1840883
1827502
1815468
1817024
1820448
1835385
1831858
1839431
1845966
1816402
1801775
1825945
1799908
1832273
1811215
1798974
1800945
1831029
1821796
1806236
1817647
1793995
1788186
1814223
1858933
1812045
1817854
1820033
1816713
1818995
1809970
1783103
1814016
1804369
1806236
1813394
1815468
1824389
1828331
1804680
1843062
1826775
1796796
1815365
1795862
1818788
1794099
1791713
1808622
1811319
1823456
1819721
1812979
1798456
1798663
1804991
1825219
1836838
1814431
1813808
1808725
1826672
1809555
1833829
1801257
1818269
1825219
1822522
1802398
1817335
1816817
1817958
1812460
1819825
1809037
1785800
1826568
1815987
1802916
1827813
1798144
1818684
1826049
1798974
1828954
1831547
1812667
1798144
1794617
1797418
1823663
1821277
1793269
1823560
1831132
1842751
1802813
1811526
1823767
1798559
1795862
1812460
1807688
1799908
1805510
1809452
1828124
1808518
1799389
1789846
1796381
1806651
1812564
1813912
1804161
1811526
1809452
1793580
1828435
1809659
1804369
1829058
1829784
1828124
1822315
1850842
1854680
1812045
1802916
1819825
1807999
1812252
1828124
1810904
1816817
1817232
1799908
1790261
1820344
1831443
1835593
1791817
1813186
1816609
1814950
1810800
1834244
1817854
1833311
1802398
1817128
1804680
1822833
1822833
1811838
1800012
1807377
1819514
1798767
1828539
1838809
1804576
1817543
1806754
1803124
1815572
1809452
1805613
1840780
1807688
1823767
1811319
1799182
1811008
1783103
1813601
1813912
1802294
1805925
1810281
1820344
1822730
1817854
1822315
1817128
1797730
1820759
1804265
1824389
1820966
1818165
1819929
1812771
1811630
1805406
1831132
1854369
1815157
1804369
1802086
1805613
1847626
1788497
1822937
1842751
1820033
1813601
1826775
1796173
1843995
1818165
1822937
1832377
1803954
1825945
1829784
1832896
1827087
1834037
1814742
1813186
1792128
1822833
1823145
1798041
1840053
1823975
1799804
1799804
1796900
1834970
1792647
1821381
1820344
1816298
1815365
1822418
1819825
1823352
1835385
1816298
1806547
1799078
1818684
1806236
1828954
1834037
1825323
1793788
1827190
1808311
1830510
1805613
1832585
1815365
1834452
1804887
1826983
1813912
1810178
1817439
1816713
1786319
1842439
1825012
1834867
1822730
1804265
1818995
1822626
1808725
1857792
1824597
1799908
1786630
1807999
1823560
1815676
1825842
1824389
1834141
1801879
1803435
1800115
1837149
1794099
1799493
1790261
1788497
1810696
1805198
1803331
1784555
1834141
1801257
1827916
1841298
1812771
1805821
1790883
1814223
1795862
1810074
1810593
1816091
1802709
1816609
1814535
1803850
1787978
1824182
1814016
1825842
1811630
1842024
1811008
1809348
1807066
1800738
1803331
1780509
1798352
1806340
1817750
1816921
1827398
1815365
1818995
1787667
1816091
1806962
1820551
1813912
1798248
1798871
1833103
1820655
1814950
1814327
1820344
1821796
1798248
1832170
1821485
1819825
1843477
1811526
1825531
1812667
1795655
1800634
1811215
1825842
1789016
1806132
1814535
1806443
1802501
1820136
1835904
1814950
1823663
1801257
1816298
1824389
1805510
1819410
1813601
1822004
1849078
1823560
1817024
1814950
1821796
1831132
1821174
1813186
1829472
1822833
1784244
1827190
1818477
1815157
1798974
1825012
1805717
1797418
1837045
1820448
1820655
1818477
1826879
1802190
1810074
1813601
1808933
1823871
1823041
1801775
1828331
1822626
1784555
1811838
1844825
1818165
1827190
1798352
1812460
1813497
1826775
1821900
1801153
1801153
1809244
1826049
1816506
1790883
1834970
1829058
1785696
1817232
1839535
1815365
1815468
1815572
1792543
1823145
1810281
1827398
1822626
1821692
1796588
1816506
1819306
1786734
1802398
1800738
1841506
1829161
1808933
1805302
1837564
1824597
1809659
1832792
1801464
1828331
1810904
1809659
1832481
1813705
1810385
1831547
1830717
1803020
1812771
1820966
1819721
1809244
1823248
1822107
1802190
1818580
1821692
1827813
1791090
1798663
1818788
1787978
1794099
1817750
1809659
1807273
1831547
1798767
1807688
1801775
1829161
1828539
1826049
1850946
1815779
1794617
1824597
1806236
1816817
1798559
1801568
1807169
1815676
1813394
1785800
1816713
1837668
1818477
1820344
1790157
1809037
1835800
1818995
1808207
1825945
1828228
1810385
1832481
1803227
1809555
1812771
1826049
1804576
1808933
1825012
1808622
1835282
1824078
1814016
1807688
1810385
1826464
1800530
1818788
1811526
1812667
1800323
1819306
1806547
1813912
1804576
1829265
1832481
1796900
1820862
1807169
1817024
1809140
1830821
1826360
1805510
1812875
1788705
1813601
1792439
1817854
1792958
1811630
1804057
1807792
1791090
1824804
1788912
1791505
1813705
1799908
1827916
1836423
1812149
1828124
1797418
1811215
1810489
1842543
1807169
1817128
1824701
1812979
1798974
1821174
1832688
1806443
1797211
1803539
1840676
1813394
1801671
1809555
1812252
1826360
1815157
1810281
1804161
1830406
1804576
1825012
1811941
1809452
1816713
1810281
1796070
1816091
1815779
1811319
1801360
1834867
1831962
1815572
1817024
1808829
1827916
1832273
1791298
1776153
1835385
1804576
1824804
1814846
1806132
1801879
1823041
1816713
1805510
1792439
1821589
1820240
1803227
1831755
1832896
1804472
1808933
1805925
1816506
1823663
1835593
1819929
1837149
1803539
1854265
1818684
1815468
1805095
1812460
1841921
1807066
1793684
1824078
1802605
1825738
1792647
1831547
1815779
1800012
1807481
1791402
1808725
1804680
1836838
1837356
1814120
1830199
1807066
1817439
1801983
1817335
1813394
1784970
1808933
1796588
1829058
1804369
1797730
1799389
1811838
1815261
1819099
1794306
1809348
1826983
1790468
1836941
1815365
1812149
1820551
1815365
1826257
1807066
1815676
1842439
1818477
1789638
1820862
1826360
1792128
1840468
1831132
1808622
1827605
1800012
1819721
1807066
1792647
1827398
1807273
1799182
1816921
1827398
1800323
1787978
1808207
1791090
1834037
1817958
1812045
1803746
1822730
1794929
1839224
1815468
1801671
1808518
1778331
1824389
1807273
1797003
1824908
1825634
1810385
1827398
1805406
1826568
1818165
1807896
1817750
1814742
1826049
1829784
1822004
1809555
1809555
1814431
1827190
1808103
1811215
1832688
1787460
1815987
1804472
1818580
1824804
1808622
1810696
1820551
1791402
1795862
1834970
1833311
1824701
1817024
1822418
1796070
1826879
1786422
1807481
1812149
1803124
1815157
1817128
1852398
1816921
1836734
1803020
1818165
1825012
1801257
1823145
1817439
1813497
1802916
1823352
1825738
1809763
1829472
1822315
1822418
1846693
1823975
1816091
1800219
1819099
1809452
1825116
1790053
1820344
1820240
1840365
1823663
1790883
1778124
1832377
1832999
1811319
1828746
1820655
1812667
1815572
1811526
1839846
1818684
1821381
1824286
1800012
1828124
1827502
1831443
1823456
1832585
1827605
1832999
1840261
1817232
1807584
1827398
1823871
1809244
1847937
1817854
1819410
1821589
1831962
1793891
1823352
1822315
1806858
1804472
1833829
1810489
1805406
1800115
1805510
1820033
1813808
1812875
1812149
1828228
1829991
1788601
1812460
1794929
1803124
1808103
1812045
1818165
1804057
1825842
1804576
1814431
1811111
1813601
1850946
1829680
1814950
1811734
1832999
1808207
1807377
1799597
1803020
1808933
1813082
1827916
1821277
1833518
1809867
1831443
1825738
1812875
1801049
1798871
1797418
1806858
1806236
1803850
1809867
1807688
1817128
1804784
1831962
1813290
1812045
1822211
1814120
1777709
1788497
1795655
1842439
1806443
1814846
1802709
1813082
1807999
1804265
1799597
1821589
1827709
1803642
1815053
1825842
1786630
1808414
1833726
1774804
1805302
1822315
1801464
1807999
1826672
1824493
1841713
1811008
1806236
1831755
1809348
1815053
1834452
1784348
1827916
1819721
1811319
1820862
1792958
1816194
1800945
1811941
1821589
1807584
1819306
1811319
1820344
1806547
1829161
1830821
1814950
1846589
1811008
1831962
1809140
1817750
1825634
1827813
1812460
1820136
1840365
1800945
1810385
1819203
1832792
1840572
1787978
1823456
1803435
1798456
1814535
1793269
1813808
1816713
1814950
1810281
1826257
1801464
1818995
1826049
1793373
1778850
1821900
1804369
1821174
1817024
1824701
1825634
1832066
1796485
1828539
1799182
1813705
1822418
1825427
1828020
1789949
1831443
1803954
1831443
1812979
1810800
1781858
1783933
1819306
1800634
1829161
1811008
1818062
1807896
1823041
1825427
1838705
1815365
1822211
1815883
1804680
1822522
1822522
1804784
1801153
1815468
1795655
1819099
1813808
1813394
1808311
1839742
1811941
1811941
1818684
1817543
1817024
1803331
1820448
1787252
1845655
1823560
1794617
1835074
1840157
1822626
1787149
1816506
1829991
1816506
1809452
1797211
1811630
1829369
1823767
1839120
1813497
1826983
1803331
1808103
1824597
1823145
1797211
1848352
1815883
1818684
1793061
1824597
1829058
1828124
1809970
1808311
1828746
1827605
1795240
1799182
1808933
1838809
1793269
1819514
1827916
1815572
1786422
1813082
1822937
1809659
1829265
1829058
1814638
1817647
1827605
1821485
1793891
1826049
1837564
1799804
1804887
1815053
1802501
1818269
1818062
1830199
1840261
1801257
1807377
1814742
1829991
1828228
1803331
1844825
1815572
1790364
1816091
1801360
1792335
1815676
1826879
1839120
1816194
1810593
1800219
1826568
1807481
1790157
1821485
1827813
1807169
1809140
1804784
1800427
1804680
1802709
1829369
1819618
1825012
1826775
1820344
1801049
1820966
1787978
1832066
1786941
1807896
1827502
1817958
1817335
1820033
1784348
1796485
1820759
1809037
1808933
1817647
1801671
1839016
1806651
1818269
1807584
1816298
1811008
1789949
1808622
1842751
1832792
1791609
1804784
1814016
1811111
1811215
1843684
1839224
1794203
1796277
1812460
1785696
1816921
1837149
1792854
1826360
1799700
1811941
1813912
1810281
1817024
1804057
1812045
1807481
1797626
1809659
1804784
1824286
1809244
1826983
1821692
1815883
1804472
1843995
1802398
1817958
1808933
1818891
1857066
1805717
1800945
1826775
1820551
1821900
1792854
1808103
1794929
1824286
1796796
1840053
1812979
1816817
1787356
1799078
1802916
1816609
1796173
1809970
1833726
1826360
1798663
1822522
1815157
1814742
1826568
1832585
1809348
1794306
1823767
1828539
1822418
1831236
1815365
1825219
1834763
1800842
1830199
1840365
1796900
1799493
1817024
1815053
1809659
1825012
1811941
1800323
1811941
1808518
1821692
1811423
1812149
1792958
1814431
1828746
1808311
1808518
1794514
1824493
1824804
1834763
1795551
1844410
1817335
1786111
1817232
1792647
1840157
1821485
1809140
1807688
1796588
1805613
1815676
1818995
1811319
1833622
1809452
1813394
1824078
1808518
1807584
1837979
1804887
1821589
1819514
1823352
1831962
1818788
1823767
1802294
1823352
1823871
1783207
1833933
1831340
1809867
1818995
1837253
1812875
1815053
1811838
1822315
1801464
1801775
1801879
1810593
1814846
1822522
1831858
1823456
1822107
1801049
1809037
1807066
1832792
1806754
1834867
1818062
1824804
1832377
1799493
1797003
1812356
1797730
1807481
1819618
1817128
1816402
1826049
1825116
1810281
1771070
1836319
1814638
1830406
1812979
1842232
1803642
1826672
1817439
1818373
1793165
1793891
1818580
1825945
1813601
1800219
1826464
1817647
1825634
1788912
1801464
1832377
1816609
1807896
1827709
1827502
1838290
1794203
1803124
1797937
1828643
1844099
1824493
1813394
1839327
1818062
1808207
1789638
1821070
1833311
1823975
1804680
1813186
1815468
1832377
1809867
1797211
1843684
1839016
1809140
1819825
1844514
1828020
1824389
1799286
1809452
1798144
1827813
1808933
1803124
1798041
1795759
1827916
1795136
1809244
1820655
1833726
1800323
1789949
1793995
1825012
1809763
1843166
1818580
1798248
1825427
1826672
1809348
1800427
1801360
1811838
1829369
1804161
1839950
1818269
1828331
1819410
1792439
1819203
1801464
1818684
1806651
1818062
1808725
1811215
1811526
1777397
1804472
1815365
1824597
1829369
1795551
1809763
1803020
1840261
1805613
1825219
1820448
1818788
1803331
1798974
1826983
1825012
1793684
1825323
1820240
1809555
1817647
1784763
1812045
1796796
1822004
1800634
1828435
1816194
1814223
1797003
1783829
1797107
1841609
1790883
1842647
1806858
1817958
1801464
1814742
1810904
1826360
1808725
1797315
1819410
1824804
1815883
1814120
1789431
1813082
1835697
1825219
1810696
1800842
1793684
1788290
1835697
1820551
1805095
1809867
1815883
1803746
1792750
1814846
1807999
1813912
1822211
1788186
1841713
1832481
1799286
1801983
1801879
1819203
1832170
1814950
1793269
1816817
1835904
1814846
1801983
1826153
1829784
1804887
1811423
1823041
1810593
1808103
1822107
1793891
1822730
1817647
1809348
1802398
1812875
1823767
1832999
1807792
1806443
1826775
1812979
1837668
1826153
1814016
1788393
1800427
1825634
1810074
1827502
1801153
1822211
1803642
1801360
1796173
1816713
1819306
1815883
1809555
1807273
1834244
1830614
1820966
1795447
1823767
1789223
1836838
1799908
1825012
1835593
1832066
1823145
1815365
1821692
1809555
1822211
1829265
1817232
1799078
1786422
1809867
1830406
1815883
1811630
1804057
1817750
1820136
1848145
1815987
1834556
1823560
1794721
1834244
1817854
1822626
1800219
1834141
1792958
1819721
1808622
1816298
1809452
1795862
1805821
1814950
1804680
1815572
1807584
1817128
1804680
1809659
1816609
1808207
1817750
1823663
1827087
1807688
1823975
1809970
1820448
1796692
1791298
1800945
1815572
1827502
1811319
1805821
1808725
1796485
1794825
1799908
1812460
1812667
1818062
1831132
1826360
1812460
1842751
1810178
1826568
1815779
1801983
1807066
1824182
1794617
1819618
1820136
1845759
1802190
1813082
1803124
1809140
1820655
1811215
1838186
1815365
1789431
1839535
1822211
1788912
1816506
1812252
1823975
1815987
1817543
1815779
1800530
1828228
1803746
1818684
1811319
1818062
1812460
1809763
1825634
1822107
1805717
1817958
1820966
1818995
1797730
1827502
1785385
1803642
1814016
1800530
1815157
1835074
1787667
1811734
1801153
1821796
1811111
1821589
1836008
1829265
1828643
1813186
1821589
1810281
1807896
1817232
1832377
1819099
1822315
1789016
1815987
1817647
1822107
1798559
1818269
1801153
1839950
1826568
1810696
1807999
1818165
1840261
1833726
1802190
1819721
1817750
1826153
1833311
1801879
1817647
1817024
1801879
1790157
1804161
1818891
1794929
1835489
1827398
1794929
1815572
1804680
1804265
1792647
1821796
1819306
1799597
1807999
1810696
1822211
1840676
1795344
1798871
1810696
1792024
1800842
1789638
1818269
1815883
1833726
1782066
1807169
1839431
1836112
1828435
1818477
1820759
1812460
1846693
1809867
1819825
1830199
1811215
1817543
1801568
1827709
1829576
1833726
1825738
1809867
1809659
1810178
1817750
1787667
1803331
1823767
1809867
1796277
1823456
1803331
1795655
1808933
1829991
1804265
1815676
1828124
1828746
1813808
1790883
1806858
1801568
1819618
1791194
1819825
1822626
1803020
1836630
1838497
1853124
1832377
1824493
1813186
1814950
1828435
1832170
1801464
1833414
1843684
1829784
1826775
1827813
1824078
1799286
1824493
1806340
1797833
1837460
1807999
1773870
1833103
1808725
1824908
1786319
1810696
1827190
1840987
1831132
1811008
1798871
1827398
1819618
1808103
1802190
1797003
1802501
1834763
1829680
1829058
1822004
1821900
1847211
1803124
1819825
1813082
1817647
1827502
1804472
1802709
1826879
1818373
1817543
1834763
1815261
1798767
1824182
1808103
1815572
1815261
1820448
1824493
1812356
1800842
1815676
1820344
1829784
1824908
1782066
1820759
1820966
1791609
1823871
1826049
1818477
1821277
1803642
1801879
1828643
1836215
1834348
1811423
1812875
1834970
1835074
1823248
1824908
1802294
1813290
1805925
1837460
1833518
1829576
1835385
1821070
1787252
1837149
1803331
1803435
1813186
1825012
1813290
1792854
1829887
1813186
1815987
1803227
1803642
1798871
1814431
1823663
1820240
1815572
1800530
1796692
1836319
1816921
1799804
1808725
1806754
1800634
1820966
1824597
1790261
1794929
1799389
1808518
1822211
1796485
1793165
1808103
1812252
1815676
1813290
1793373
1829887
1809348
1793165
1809867
1790572
1834141
1801983
1831651
1809244
1792647
1798663
1820551
1791713
1797315
1816402
1831547
1822107
1837668
1816194
1795447
1811423
1823248
1822522
1818995
1843684
1811319
1802605
1842751
1828539
1821589
1808518
1798871
1829472
1830510
1825219
1819306
1818165
1827813
1825116
1827916
1822418
1791505
1810281
1842128
1809659
1792128
1819099
1812564
1799389
1793269
1807481
1840157
1814016
1818891
1841817
1853539
1808622
1815053
1818995
1827605
1824597
1821277
1836838
1807792
1830095
1795136
1841506
1833414
1825945
1833829
1830095
1819410
1817439
1836319
1809763
1803124
1801360
1831443
1822418
1799182
1817024
1820344
1821277
1805198
1798663
1829472
1820759
1823145
1809970
1802086
1819721
1827502
1806962
1817854
1837771
1818684
1824804
1817024
1820240
1825427
1832481
1821589
1819721
1790468
1808518
1830095
1827294
1822418
1825738
1817024
1807688
1810281
1815468
1808207
1807688
1832273
1810489
1812149
1808622
1805302
1811423
1806236
1822004
1803331
1803331
1803850
1810904
1827502
1802398
1837771
1804161
1815779
1841402
1808829
1790053
1846278
1798871
1850842
1796381
1826568
1797937
1790364
1813290
1829784
1812149
1832481
1820551
1829576
1828746
1801775
1801464
1818373
1820862
1793891
1843684
1826153
1803331
1823352
1809140
1820136
1821900
1837771
1812149
1806443
1814638
1809452
1822418
1817543
1822107
1813912
1819410
1792024
1820759
1817647
1793580
1827087
1824182
1830614
1795655
1789949
1834348
1806443
1800115
1800530
1830302
1805406
1806236
1807896
1816817
1835282
1823145
1835489
1838394
1790987
1815883
1823456
1797418
1804472
1818891
1815261
1820136
1826257
1849908
1815365
1805510
1828850
1825738
1824597
1798871
1810904
1812045
1837460
1794929
1833829
1798352
1820344
1803227
1818269
1813082
1825738
1809763
1803850
1844722
1808414
1812149
1799597
1840883
1811838
1829784
1779161
1816298
1809970
1785281
1832273
1798559
1824908
1824182
1841506
1826775
1827813
1828124
1783518
1827502
1809244
1813705
1832066
1840053
1837771
1828643
1819410
1834037
1833933
1825323
1814638
1785074
1822211
1790883
1835489
1803435
1789016
1821070
1808414
1810696
1836112
1816506
1833726
1809244
1832585
1814223
1813290
1815779
1824078
1805613
1789638
1820759
1817439
1812356
1805406
1833829
1786007
1800219
1829680
1823975
1809763
1836008
1814846
1830925
1829680
1814223
1833103
1826049
1803124
1810385
1804161
1821900
1821277
1791817
1815157
1822833
1824701
1799597
1810178
1822107
1810593
1828643
1840157
1836630
1796485
1804991
1807896
1790987
1808103
1823248
1792335
1805925
1810593
1816921
1798248
1831443
1823145
1841506
1816506
1815261
1791402
1804265
1816298
1826879
1811319
1808933
1843892
1808311
1807066
1796796
1811215
1835904
1816402
1801360
1819306
1805198
1800427
1793684
1811423
1842336
1815157
1812460
1794203
1832066
1828020
1831236
1823871
1817854
1813290
1822626
1810800
1813601
1806236
1822211
1828228
1828850
1820136
1811630
1804784
1821900
1826983
1805613
1820966
1799182
1822937
1811526
1804680
1827294
1791194
1835385
1822107
1799078
1824493
1812979
1784970
1823767
1823352
1788497
1812460
1811734
1812460
1797211
1831443
1816506
1807066
1826049
1838186
1811734
1801983
1812875
1813186
1802086
1807584
1808829
1828020
1820136
1820344
1847107
1823145
1815883
1819410
1788290
1806443
1846070
1820551
1800842
1816506
1804057
1802501
1826464
1826360
1857377
1817439
1815779
1822937
1838705
1810281
1829472
1818684
1818580
1811630
1809867
1803227
1819203
1813290
1830925
1818684
1827087
1807169
1817543
1825012
1799182
1819410
1796173
1815157
1814016
1807792
1811423
1805510
1835074
1804265
1855095
1804680
1808829
1822107
1825116
1813601
1824286
1826049
1828020
1804161
1817439
1804057
1818165
1839224
1836838
1804369
1811215
1798352
1818684
1781858
1830614
1823871
1813705
1831962
1803435
1791194
1795862
1797937
1788497
1799286
1808725
1817128
1821174
1834970
1820136
1791194
1799493
1823041
1840676
1833103
1823041
1813290
1809763
1814846
1832688
1810074
1813290
1817854
1790572
1812875
1832999
1816609
1825634
1816609
1814223
1836112
1824078
1799286
1845551
1796277
1813497
1813808
1824286
1811941
1803020
1820966
1807584
1800219
1816713
1802813
1808933
1827398
1809659
1803124
1820448
1804991
1809452
1830302
1834244
1800738
1823041
1807169
1812252
1838912
1833622
1825116
1807792
1803539
1808103
1852190
1849597
1815053
1814016
1820966
1810489
1820344
1797833
1829058
1815883
1822730
1790779
1846900
1815468
1794721
1812149
1803850
1805717
1840365
1854576
1789327
1811215
1775634
1826775
1842543
1813808
1817439
1795551
1810385
1825219
1799286
1795344
1850634
1841506
1820655
1845033
1814638
1795759
1815779
1822418
1813497
1821900
1803850
1799908
1807896
1804680
1819825
1805925
1843062
1776049
1812149
1816921
1807584
1816298
1830302
1830925
1831755
1833829
1820862
1815157
1811215
1804369
1815261
1781028
1790364
1821796
1822211
1814223
1818477
1809452
1822211
1810696
1810178
1809659
1804472
1815572
1762045
1809970
1795136
1824493
1817854
1794514
1795862
1819618
1836941
1841091
1806028
1803331
1817439
1835074
1829265
1800219
1804784
1804784
1811423
1803850
1812667
1815053
1818373
1830302
1793269
1811008
1784244
1810489
1808207
1832377
1797003
1821692
1820759
1813186
1793684
1818788
1817750
1816298
1830302
1803642
1836112
1829161
1818891
1804991
1798974
1846070
1813497
1824701
1854888
1805406
1810385
1819410
1828228
1807377
1825427
1802501
1807792
1834348
1818477
1836423
1814535
1815468
1801464
1831443
1785800
1803539
1826049
1803020
1825945
1814950
1821589
1820033
1816713
1808311
1818062
1802086
1784140
1822107
1816609
1815779
1799389
1824286
1813808
1818373
1803954
1813290
1821174
1792543
1797418
1817647
1822315
1801568
1796900
1804369
1812979
1797730
1829369
1815572
1816194
1810281
1812979
1812667
1820551
1809452
1812667
1809348
1807169
1785281
1794203
1802086
1814016
1811630
1825531
1818891
1828954
1809763
1815261
1800530
1813912
1792024
1801671
1836734
1794099
1805302
1803435
1825323
1822730
1809140
1799493
1838082
1815676
1815779
1808207
1830925
1800530
1816609
1798352
1819099
1801568
1826360
1817335
1823663
1805613
1808207
1822522
1813912
1803539
1819929
1810489
1804680
1823248
1805613
1820759
1804161
1838912
1839224
1798871
1812564
1797315
1788393
1810800
1824908
1808414
1811008
1810385
1808207
1783622
1824804
1821900
1846070
1819514
1797107
1786111
1829161
1817128
1826049
1806236
1826257
1828124
1809867
1846278
1804680
1826049
1811630
1817854
1812045
1820033
1808207
1830302
1819721
1795759
1782895
1827916
1826879
1834141
1802501
1799286
1811215
1822004
1805095
1813082
1825531
1809037
1826983
1821589
1796277
1837356
1823663
1833207
1804887
1815468
1819618
1834556
1832792
1810281
1839535
1835593
1821070
1805717
1803331
1828124
1825219
1831132
1802501
1801671
1815572
1794099
1827294
1819929
1809244
1837771
1820966
1816091
1819306
1821485
1816609
1818062
1830095
1807066
1807792
1801464
1817024
1821070
1803124
1806547
1824701
1820862
1791609
1812564
1829576
1802190
1818373
1808207
1816609
1818477
1799804
1839224
1796900
1817439
1818891
1807377
1793995
1801671
1807066
1816921
1827087
1820655
1815676
1810178
1804472
1816921
1817647
1830406
1846693
1819825
1823975
1806858
1812045
1811215
1811526
1812875
1806236
1817543
1820240
1834037
1810696
1812045
1825738
1833622
1798456
1841506
1824286
1821485
1802916
1825012
1818684
1832170
1809452
1792335
1824286
1826049
1830095
1818269
1816194
1814742
1831858
1794514
1821796
1818269
1811008
1791713
1811111
1820136
1810385
1824078
1803124
1792128
1821796
1814638
1818062
1807481
1828539
1819410
1794514
1814327
1832377
1806443
1802294
1809244
1804576
1808207
1828020
1796173
1837564
1793269
1800530
1825116
1820448
1812252
1793995
1812564
1825634
1795032
1812979
1823352
1830614
1802709
1818373
1836838
1825842
1794099
1833207
1811319
1814431
1816921
1822937
1826049
1807481
1838809
1815468
1811526
1818062
1811838
1828435
1795551
1819514
1799804
1817958
1812252
1792128
1836008
1820448
1798248
1823663
1811941
1799389
1816506
1825116
1819721
1837045
1823560
1826879
1832999
1806132
1820448
1805821
1800012
1824597
1804161
1821589
1815365
1825427
1832481
1819306
1812149
1820136
1822937
1792647
1791920
1825219
1820759
1828124
1816402
1797833
1805510
1842647
1804784
1801879
1847419
1842128
1848041
1827190
1836630
1818684
1843684
1835385
1786007
1784140
1809867
1814950
1798248
1812460
1782066
1815572
1833103
1817439
1842232
1823041
1826879
1819203
1822211
1795240
1807169
1808414
1817128
1824182
1812149
1808933
1814535
1821589
1831132
1833726
1838601
1834763
1818373
1807169
1825531
1800945
1826775
1816194
1810800
1797833
1813394
1821692
1815779
1827087
1838809
1792232
1852087
1812045
1834556
1836838
1805510
1844410
1794617
1788290
1809452
1814742
1833103
1822522
1829369
1832585
1804991
1793580
1812979
1842647
1823352
1797003
1833726
1808207
1799700
1835904
1848249
1813808
1812564
1816817
1829265
1810074
1826568
1811526
1817439
1844307
1809452
1817128
1802813
1823560
1821381
1818165
1826775
1820862
1809348
1833518
1818995
1817543
1820655
1817958
1812149
1822626
1804265
1831340
1829369
1803954
1838912
1792439
1818269
1801360
1793165
1813912
1830095
1827398
1821796
1796173
1818165
1830406
1806858
1819618
1822522
1828643
1803746
1798974
1833726
1803642
1805925
1831755
1802709
1811111
1823041
1810489
1803331
1828539
1822107
1839950
1814846
1843166
1806858
1809659
1798041
1830614
1835593
1815676
1818165
1809037
1826568
1805821
1804680
1840365
1802916
1817024
1800945
1783933
1794617
1820966
1820344
1798871
1792024
1806028
1826672
1825634
1836215
1823456
1805302
1807999
1812771
1851153
1825945
1793269
1803539
1818788
1831651
1797418
1804161
1812460
1811111
1823352
1829161
1817543
1795136
1841195
1814950
1827605
1809348
1805613
1810696
1795966
1805717
1803227
1812149
1824493
1810593
1823767
1826983
1810074
1818062
1826049
1822626
1793165
1827294
1825219
1826672
1831029
1798248
1832896
1826775
1807066
1839535
1833518
1813186
1808311
1790572
1811838
1808414
1820136
1805613
1799908
1814327
1818580
1789846
1815468
1822315
1814638
1776360
1787356
1801568
1816817
1817335
1843788
1790364
1788808
1820240
1806236
1795032
1833207
1805302
1788912
1819306
1818788
1819410
1823560
1830199
1818684
1827398
1811423
1802813
1803954
1797211
1823041
1820759
1796485
1830510
1797833
1797833
1832688
1822004
1825842
1828228
1811941
1835697
1833207
1820344
1835178
1812356
1820551
1844722
1818891
1805821
1821692
1827916
1824389
1822522
1812045
1842751
1809348
1816194
1808622
1806443
1827709
1797626
1833933
1805925
1825842
1797315
1814223
1816298
1828643
1825323
1799908
1813082
1818788
1794203
1797211
1817958
1806754
1839431
1830925
1815572
1797003
1812045
1826672
1801671
1804265
1801879
1808933
1795344
1815261
1824701
1793061
1833414
1816817
1823871
1812875
1802501
1802813
1802398
1846589
1821796
1808933
1821174
1829680
1814742
1817232
1811215
1809037
1808829
1817128
1811941
1808622
1824286
1813290
1813082
1816091
1809970
1820136
1808829
1818995
1829265
1846589
1803124
1811215
1815468
1814223
1817335
1821900
1814950
1817958
1807481
1794099
1838290
1807273
1818891
1810281
1837253
1814120
1833207
1819203
1783207
1810593
1809867
1832066
1797730
1804991
1833829
1829161
1794514
1837668
1799804
1790779
1834970
1837356
1807584
1816298
1815365
1805302
1842958
1814223
1809140
1818269
1821174
1803227
1810178
1816194
1840468
1812875
1818373
1815365
1805095
1805095
1832481
1843373
1833933
1817128
1809867
1816713
1806962
1808207
1809037
1815053
1811734
1849390
1798041
1796173
1815676
1818788
1809555
1816609
1804265
1808414
1818580
1818477
1814120
1816713
1785593
1811008
1801568
1830510
1818995
1828331
1809555
1803227
1831858
1811630
1837875
1826879
1815157
1839016
1818373
1853124
1805095
1842751
1812771
1842128
1857792
1818788
1840883
1832481
1796277
1819306
1822004
1854680
1809659
1832377
1807792
1803435
1816921
1809659
1818788
1831132
1793684
1805717
1835697
1793373
1808414
1835904
1822522
1802605
1826360
1808829
1832481
1811526
1796588
1810178
1825323
1806754
1812045
1797107
1803435
1828331
1818891
1825116
1841713
1798041
1811215
1798871
1827502
1812979
1804680
1797211
1806132
1809867
1801360
1809763
1829784
1812460
1819721
1798456
1843788
1801671
1820344
1790779
1826257
1820759
1817854
1836630
1827502
1808518
1837875
1823871
1807999
1807688
1806651
1812564
1808103
1797003
1826153
1818891
1827709
1799597
1828746
1803746
1814120
1836112
1786941
1806340
1781651
1812149
1801671
1795551
1821796
1829058
1818062
1803124
1804991
1828643
1830302
1830717
1814223
1824493
1815572
1830406
1813394
1805821
1816713
1818477
1826775
1826568
1803227
1803435
1809970
1799700
1804887
1804161
1816298
1854058
1794617
1811838
1819410
1804057
1825945
1813186
1826464
1832066
1828850
1820344
1791609
1812564
1822418
1812149
1828850
1815261
1818373
1813912
1832481
1795966
1804576
1797937
1807066
1811423
1812356
1804369
1836526
1799804
1818788
1832170
1821589
1812252
1810800
1817854
1806651
1819099
1820136
1831858
1811941
1806962
1830614
1817439
1842439
1816817
1800115
1825738
1828746
1807999
1807066
1797937
1838912
1808414
1806651
1831236
1831443
1814950
1805198
1799804
1817335
1797730
1830510
1813082
1821381
1808725
1800115
1818684
1838809
1779783
1825427
1795759
1818891
1815053
1805821
1823041
1825012
1800115
1822004
1804784
1841506
1812875
1815365
1827398
1806547
1816921
1790157
1818269
1807377
1835593
1807584
1807377
1815053
1814535
1811526
1837564
1804680
1838705
1810385
1806236
1812564
1821900
1807999
1819721
1821900
1826464
1832377
1813394
1821174
1798559
1807481
1812667
1830510
1817750
1829576
1818580
1813912
1841506
1837875
1811319
1794410
1801983
1829472
1815779
1797626
1815157
1824389
1836215
1834141
1810800
1823456
1854058
1813912
1819514
1813808
1830510
1794929
1820966
1817335
1816817
1824908
1792128
1812045
1834867
1786941
1810074
1795240
1810178
1787045
1805613
1801360
1814016
1836215
1816713
1843684
1809348
1810489
1784555
1823560
1805198
1807688
1808829
1812564
1818684
1830925
1835489
1822730
1823767
1798767
1846796
1814016
1821589
1834348
1809037
1833311
1822315
1810178
1830614
1830510
1836008
1809867
1815468
1828643
1805613
1812460
1814327
1802501
1806443
1814431
1818891
1813497
1809763
1830925
1820448
1820966
1791920
1808622
1823041
1838290
1831340
1806236
1811215
1827398
1824908
1803954
1790261
1829161
1814638
1827398
1822418
1812460
1821381
1820966
1820033
1823352
1810904
1795551
1818788
1818373
1815157
1804057
1825738
1795551
1811319
1829991
1797626
1818684
1819203
1801983
1815883
1780095
1823456
1820966
1820136
1813912
1833311
1804784
1822211
1809244
1811526
1796070
1825842
1812252
1819618
1819721
1805821
1806236
1807688
1813912
1802294
1823145
1821485
1827398
1819514
1814327
1821796
1817024
1808311
1826464
1805613
1807169
1818995
1802605
1790572
1819099
1834348
1799389
1822937
1812875
1830199
1811215
1816713
1829161
1816298
1814016
1816402
1817647
1810489
1798663
1818477
1806754
1815883
1838601
1820759
1824804
1810904
1811941
1793580
1843892
1830717
1844825
1805613
1832896
1815572
1801153
1814950
1821174
1796485
1801775
1807273
1813186
1822004
1814327
1844722
1805198
1809452
1786319
1794514
1809763
1809037
1794099
1811215
1796485
1812771
1822418
1806962
1806340
1843892
1814638
1817232
1835904
1800842
1811838
1810593
1809140
1844307
1825427
1803539
1815261
1814223
1803539
1774597
1819618
1800530
1805302
1810385
1837771
1792958
1816921
1805821
1832688
1825634
1806443
1820240
1801464
1847626
1809555
1800945
1820136
1784763
1798767
1821485
1845136
1819721
1830717
1817128
1775426
1833726
1812356
1827398
1843062
1801257
1809452
1804887
1815779
1840883
1813912
1808311
1798767
1836630
1825634
1808725
1794203
1805510
1849908
1822833
1813808
1784763
1797833
1808518
1820448
1828954
1807066
1822937
1810281
1820240
1829058
1808207
1794306
1803331
1847834
1800219
1837356
1812564
1819929
1821070
1802501
1827398
1834452
1829784
1808103
1785904
1836112
1793684
1827916
1799493
1823352
1790779
1822315
1782273
1806651
1796381
1800945
1829887
1829887
1815572
1809867
1844825
1836941
1828331
1810489
1796900
1839224
1811734
1808311
1824389
1812667
1837875
1830302
1796277
1808622
1824078
1817232
1822004
1788601
1840157
1807688
1804161
1814638
1788186
1820344
1821277
1813601
1828746
1833518
1809452
1816817
1801360
1815053
1813705
1847419
1810074
1823975
1817128
1802294
1816609
1837771
1800634
1821070
1823352
1811838
1802294
1808103
1798559
1813186
1813290
1820033
1820240
1813290
1801983
1829887
1819721
1798974
1832792
1805717
1835385
1797522
1803124
1818062
1837875
1807896
1831029
1838809
1824182
1814016
1818373
1817439
1807896
1830302
1808933
1834556
1834867
1849286
1798974
1799804
1815157
1829472
1805406
1824701
1802813
1824908
1810074
1810178
1812979
1826464
1811630
1814223
1817128
1815157
1833103
1813082
1842958
1802709
1822626
1817232
1820759
1840883
1826775
1818477
1803539
1807688
1813186
1851464
1820759
1808103
1825116
1818891
1821485
1820966
1812979
1813601
1810489
1819099
1844203
1832792
1770655
1827502
1795759
1807999
1801464
1817232
1825116
1788705
1811008
1821485
1796277
1826257
1836630
1814223
1829576
1842024
1823248
1828643
1806028
1833311
1794514
1843062
1817543
1830406
1818684
1822626
1815987
1821692
1819721
1819099
1817854
1812875
1796277
1817647
1821381
1811941
1805717
1792543
1816402
1797833
1814327
1819099
1824389
1812460
1786630
1825945
1812045
1801049
1824908
1801671
1810281
1820655
1803331
1786007
1827294
1815987
1837045
1826153
1814016
1836526
1828435
1821485
1799908
1803954
1801464
1811008
1791713
1819618
1801360
1814431
1817647
1811630
1802294
1828124
1813186
1822418
1837356
1815365
1813497
1788705
1794306
1830614
1811423
1799700
1816402
1817854
1787045
1810696
1810800
1807273
1837564
1809140
1822833
1818580
1802501
1817543
1830925
1809763
1825427
1818477
1838290
1804991
1801671
1823041
1831858
1802501
1817958
1809867
1813912
1814120
1809555
1823145
1825323
1797522
1803227
1813394
1826672
1815261
1827398
1827190
1820966
1813290
1813705
1804369
1800738
1829680
1812564
1820862
1814846
1801568
1804472
1823767
1820240
1817543
1808725
1831547
1817854
1808311
1811526
1798559
1812252
1810074
1809659
1812771
1840572
1811111
1812356
1818373
1816506
1828643
1818373
1827294
1832999
1820759
1797211
1812460
1792335
1817543
1795136
1798144
1789016
1795862
1806236
1803954
1841506
1808829
1809867
1812875
1820655
1822522
1830406
1823871
1812667
1831651
1838290
1809659
1826672
1791713
1818580
1819618
1807688
1816091
1810593
1818269
1807377
1799286
1836112
1823871
1819514
1812875
1810074
1823975
1821277
1822315
1811526
1801360
1827916
1826672
1819306
1819410
1805821
1814638
1836319
1804265
1821174
1827813
1831962
1823871
1804472
1807999
1804472
1786215
1811734
1817958
1812667
1823560
1825531
1815779
1803435
1827916
1818373
1796277
1826568
1807169
1826360
1825427
1824493
1833103
1799700
1816506
1800634
1817128
1809763
1811941
1814016
1793373
1807896
1806028
1796692
1808725
1804265
1807792
1821485
1826568
1828850
1823975
1788705
1829784
1809970
1832585
1813808
1813082
1827398
1815676
1848041
1817958
1811526
1801464
1809140
1821070
1829161
1837668
1804472
1835385
1801464
1831651
1796588
1820448
1801775
1798352
1799493
1799908
1822522
1830717
1822522
1800115
1794203
1811319
1797833
1820136
1837045
1828331
1838809
1832688
1809970
1832170
1813808
1814223
1802501
1822730
1835385
1840261
1814742
1826360
1816402
1829161
1803020
1767024
1797730
1805198
1816091
1805821
1839431
1811215
1813705
1806962
1815572
1794825
1813912
1840365
1837356
1811526
1830095
1798871
1822833
1804057
1814223
1804472
1831132
1812564
1818477
1824389
1807481
1798663
1828331
1840053
1843788
1821174
1823975
1817439
1818269
1826775
1807066
1830095
1815676
1816298
1814846
1824182
1816921
1810074
1810178
1825842
1812045
1829161
1813497
1824182
1831755
1795759
1810904
1793373
1808622
1796277
1800427
1811215
1809763
1816713
1795136
1807169
1823663
1838705
1815365
1819825
1828954
1815365
1807066
1836112
1815261
1836734
1811838
1827605
1826775
1819203
1818165
1822315
1834141
1799286
1848456
1838290
1837149
1803020
1809452
1825427
1816091
1793995
1829058
1805406
1801775
1784140
1794514
1822418
1790364
1816402
1828954
1800945
1821589
1804369
1806236
1827398
1844825
1829576
1835800
1807688
1813705
1821277
1821174
1827709
1794617
1802086
1812564
1818062
1814327
1818684
1805510
1785178
1809037
1827916
1810074
1810178
1834348
1802709
1839327
1838290
1801464
1813705
1814950
1783725
1822730
1824804
1819514
1811215
1823560
1800115
1807481
1809555
1796588
1796381
1792335
1825427
1791609
1832377
1809037
1815365
1804887
1832999
1800738
1804784
1811838
1822937
1823871
1817439
1803020
1806340
1833518
1818062
1821485
1816298
1812045
1824597
1820655
1824389
1826568
1806962
1816609
1814223
1794410
1832273
1842854
1825012
1808311
1798456
1813912
1822522
1802605
1807066
1810489
1809867
1826775
1825116
1808103
1813186
1807066
1817024
1798248
1831340
1796070
1836734
1831029
1818995
1781858
1840365
1822833
1805406
1819306
1822833
1817543
1861319
1798144
1818788
1817958
1814742
1835904
1811838
1809659
1831132
1806132
1820862
1830510
1805510
1803746
1823352
1807584
1814431
1843477
1824597
1823560
1839950
1804680
1791298
1789016
1818891
1797522
1819825
1800323
1815157
1804369
1825219
1826983
1821485
1805406
1829784
1810800
1820655
1828954
1800012
1820033
1812149
1832999
1802294
1821277
1805302
1822730
1807792
1802605
1808103
1816609
1838601
1794929
1809348
1783310
1823041
1795344
1808829
1821485
1826464
1805406
1805406
1805717
1817958
1819306
1812252
1874908
1851257
1814120
1803539
1825012
1798352
1814431
1834867
1824908
1796588
1806028
1796381
1816817
1830199
1822522
1836734
1818995
1822833
1827916
1811734
1808725
1832273
1846278
1798456
1810800
1824078
1794203
1818580
1820862
1795551
1842024
1826049
1833518
1835697
1826360
1798974
1812875
1820033
1797418
1825945
1814638
1823663
1798767
1812252
1824182
1825427
1820240
1821277
1815779
1842232
1827709
1821692
1808829
1820655
1795447
1825531
1820862
1832481
1802813
1813601
1819825
1787252
1814327
1834348
1843684
1836319
1827294
1804472
1824182
1808207
1820136
1805302
1819721
1824908
1806132
1799286
1839224
1793788
1835178
1821900
1815676
1830406
1808933
1832273
1841817
1830614
1799700
1795032
1822004
1798559
1817128
1836734
1787978
1820966
1808414
1826257
1844203
1804265
1824389
1821485
1815987
1837460
1821381
1840780
1827087
1804991
1830614
1832170
1809659
1802086
1813497
1807999
1793995
1820240
1819306
1800115
1790364
1803331
1829058
1812979
1810904
1821174
1803124
1815987
1818477
1806028
1816298
1800738
1799908
1833518
1805613
1812771
1807273
1808414
1818477
1786422
1821589
1818684
1801879
1804369
1819410
1820136
1813186
1820344
1822107
1803642
1801464
1824493
1809348
1836734
1805925
1835904
1807377
1812667
1829161
1808518
1836526
1816713
1810800
1830302
1848352
1817647
1816817
1814120
1843684
1811630
1819825
1785904
1813394
1810178
1816091
1817854
1816194
1834244
1807066
1808518
1804991
1816298
1812252
1794410
1799078
1842024
1824493
1831236
1811008
1818373
1815779
1817439
1824182
1819929
1830406
1804057
1806547
1816817
1809555
1806754
1836215
1822937
1797003
1821692
1812356
1839846
1831029
1796588
1808622
1819618
1804057
1806651
1792335
1786941
1806547
1831029
1812356
1814223
1808103
1814950
1785489
1802294
1811941
1815779
1801153
1836112
1823041
1819514
1807584
1805406
1832481
1811423
1828331
1827813
1816713
1805510
1814535
1837771
1819514
1817543
1824597
1798559
1809659
1812149
1798663
1812771
1816713
1807066
1828850
1833414
1824908
1813808
1810074
1815468
1822626
1802813
1793995
1809244
1828643
1834452
1817750
1790676
1820136
1827294
1835904
1832688
1818269
1792854
1831962
1806962
1788393
1802398
1798974
1831132
1831547
1840053
1822211
1809555
1819306
1798767
1793788
1795655
1834970
1798663
1812875
1824493
1817543
1803954
1818165
1807377
1802916
1814535
1824804
1834556
1813808
1809763
1807169
1814535
1801257
1829991
1819825
1810074
1815987
1809970
1802813
1820551
1825012
1820344
1806651
1834141
1809140
1819306
1812771
1839016
1819721
1829058
1831547
1815883
1813705
1803435
1825427
1822626
1827087
1818269
1812460
1810696
1818477
1812667
1821796
1811526
1807273
1824389
1810593
1820551
1805613
1826879
1821277
1798974
1819929
1801983
1829680
1826775
1821070
1819306
1818580
1803020
1817335
1847730
1828124
1805821
1854058
1818580
1809659
1811941
1812667
1805198
1809867
1834452
1796900
1793269
1801360
1790883
1828331
1829576
1792232
1817128
1826257
1802086
1842958
1790364
1808622
1796692
1808207
1832273
1817128
1821692
1811734
1840157
1811111
1819514
1778331
1829576
1819721
1836941
1801983
1831651
1809452
1804472
1817647
1821589
1811111
1802086
1819514
1839016
1827190
1809659
1814846
1790883
1835593
1802916
1811319
1818788
1817647
1838497
1806132
1813497
1825116
1807792
1834452
1815261
1843166
1837253
1805406
1833207
1804161
1833207
1822626
1799182
1839846
1798559
1821381
1812771
1813912
1803539
1829680
1801360
1812771
1801983
1813082
1841402
1815468
1816506
1834348
1806340
1816817
1821070
1814950
1815987
1812045
1814638
1800115
1811526
1840780
1814846
1824597
1840780
1813808
1839846
1819514
1787045
1809452
1807584
1804784
1800738
1836734
1821796
1815053
1822211
1797937
1818373
1817024
1825012
1817024
1815365
1809867
1813705
1806754
1806858
1810800
1820240
1795655
1830821
1798663
1823456
1802086
1816506
1805198
1820240
1838497
1811734
1811526
1839846
1812045
1814016
1815779
1848352
1831651
1826568
1804784
1815468
1820240
1825116
1823560
1826775
1788290
1818891
1839639
1818580
1820966
1824182
1820862
1812875
1843269
1807481
1810385
1812979
1798663
1794929
1809244
1835904
1832273
1820136
1827709
1807584
1836734
1811838
1824078
1803227
1799597
1799286
1824804
1807792
1810696
1824389
1817647
1812564
1776360
1809555
1808311
1838394
1803227
1819721
1824804
1816817
1802709
1805821
1821381
1799493
1818891
1810074
1806132
1809659
1820551
1800115
1809763
1831443
1831340
1812564
1816402
1795136
1811111
1803642
1812045
1802605
1813912
1812875
1822004
1825427
1828435
1806028
1798974
1814223
1828124
1831132
1833103
1814950
1810489
1827709
1799493
1842543
1834763
1815053
1826049
1809659
1821589
1813186
1812564
1829472
1825842
1813601
1799078
1814742
1811319
1790157
1821485
1810489
1818580
1799908
1832792
1799908
1807584
1809867
1799078
1811111
1811423
1820033
1810800
1833103
1846174
1830717
1818995
1822730
1795551
1818165
1803435
1825427
1826775
1823663
1827398
1817854
1829991
1809555
1822107
1822626
1793580
1835800
1809763
1796485
1819203
1817750
1838394
1829369
1806028
1817750
1831651
1831132
1822107
1810696
1801983
1796900
1819203
1808414
1796588
1796173
1827190
1811630
1813394
1829991
1827709
1816609
1831547
1835800
1849182
1827087
1819514
1797833
1835282
1810904
1809348
1803331
1822937
1829058
1828020
1787045
1811838
1807169
1822315
1834037
1813394
1811526
1825634
1830717
1810074
1832585
1803954
1796277
1807792
1815468
1824389
1804472
1805821
1809140
1832792
1792128
1818684
1801568
1811215
1784763
1797626
1779887
1814535
1821277
1837356
1821900
1825323
1822937
1824286
1816506
1817232
1790468
1807584
1827087
1805613
1826360
1815779
1808311
1815572
1814846
1822730
1801671
1800945
1808207
1821589
1797626
1809763
1841921
1827502
1827398
1824389
1835904
1813186
1814846
1824493
1824182
1811215
1815676
1818580
1820862
1839431
1838497
1801879
1836008
1806547
1829058
1821589
1815676
1811838
1808414
1815676
1828746
1806547
1825427
1828228
1831443
1833103
1822107
1784866
1810281
1811008
1797730
1813808
1825738
1810696
1812771
1812045
1837149
1845863
1811734
1843166
1822522
1824286
1815676
1824908
1820033
1815676
1809452
1827605
1827605
1834141
1826257
1810489
1816609
1811111
1796692
1811008
1805717
1802398
1816921
1809140
1820344
1824701
1809452
1823041
1839639
1823560
1835489
1809659
1817958
1808933
1813497
1806547
1834556
1822211
1806236
1820344
1807688
1836526
1808622
1808933
1780198
1822107
1813082
1810074
1815261
1791194
1817854
1812979
1826775
1826257
1795862
1824389
1816298
1820344
1822107
1798663
1810489
1819825
1835074
1800738
1819514
1809037
1810178
1822833
1812564
1815987
1807792
1814431
1821692
1814846
1812460
1804369
1813186
1819929
1823871
1799700
1826360
1821900
1834659
1810800
1804680
1845240
1810178
1808311
1807169
1811941
1798248
1824804
1807377
1825634
1837356
1785074
1815883
1792854
1805821
1824389
1806132
1809140
1794203
1843477
1831029
1817647
1810489
1791505
1804991
1816713
1801983
1825427
1819825
1834037
1806754
1810904
1806858
1821381
1825427
1791609
1807481
1807481
1812667
1832896
1802605
1790883
1825427
1799597
1818373
1807066
1822730
1827813
1832896
1823767
1792128
1813290
1804472
1835489
1801049
1807792
1788912
1815261
1829887
1809348
1795136
1806754
1824701
1841713
1824701
1827398
1809659
1826360
1806028
1834867
1798871
1850738
1817128
1815883
1812460
1805302
1822004
1804265
1813497
1835593
1813705
1823145
1833518
1807999
1825842
1816713
1821174
1834659
1808933
1806754
1797003
1795136
1814535
1812356
1808622
1817439
1828746
1818891
1851672
1826775
1813082
1818373
1845655
1806340
1808622
1822522
1792128
1792335
1834037
1810385
1837149
1832688
1786941
1806132
1820655
1850427
1820240
1821070
1792024
1806132
1819825
1814016
1820240
1811526
1824389
1814535
1812667
1793061
1810385
1791505
1797626
1785074
1814950
1801568
1825012
1833414
1816506
1828643
1846796
1811319
1807584
1810800
1819306
1803746
1838497
1830199
1828539
1796381
1836941
1840676
1829058
1820655
1809555
1807273
1812356
1830199
1837875
1807999
1809348
1819203
1804887
1814327
1800219
1820862
1813290
1829991
1822522
1815365
1803227
1835904
1816713
1820966
1798248
1839950
1836423
1839120
1812460
1810904
1824804
1795240
1799908
1808414
1783725
1834037
1821381
1812771
1815157
1799493
1805925
1811423
1805613
1816402
1803435
1830095
1820551
1799286
1819514
1810281
1809348
1792647
1798041
1797418
1804576
1805821
1799908
1825219
1807792
1813705
1809244
1827190
1810178
1820033
1835178
1822730
1820448
1828435
1804576
1806132
1838497
1789638
1798974
1815676
1796796
1807169
1812771
1841713
1830406
1804161
1803850
1816402
1827813
1836112
1786111
1831962
1812771
1799908
1843995
1812252
1807481
1829576
1817854
1831236
1814431
1809763
1788393
1815883
1813705
1807377
1798974
1825634
1822730
1822107
1816194
1810800
1800012
1846589
1834452
1801983
1795759
1811008
1816713
1822004
1820448
1810593
1797833
1821277
1776360
1812667
1807792
1816921
1804991
1820240
1825842
1823871
1815572
1817750
1798559
1797522
1804265
1829369
1822004
1826049
1801983
1812149
1810593
1812356
1816298
1817750
1802605
1806236
1826049
1814846
1833518
1809659
1817232
1806340
1841817
1827398
1809867
1827190
1810489
1807584
1813705
1803954
1829991
1807169
1805198
1797211
1829058
1826672
1817128
1810178
1809452
1805925
1820033
1814742
1829161
1807273
1819825
1823248
1825945
1789846
1813497
1808103
1826568
1830821
1829369
1824389
1793269
1797833
1802709
1804265
1812771
1836838
1813705
1838705
1814742
1813394
1840157
1828331
1808933
1820033
1831651
1826672
1804576
1817128
1782688
1795551
1805198
1823663
1837460
1800427
1826464
1787978
1828954
1814016
1805406
1820966
1804680
1810281
1794306
1817128
1816713
1841402
1846381
1806754
1843580
1809659
1834556
1804576
1832377
1807066
1810904
1784244
1796277
1784866
1826568
1787252
1824701
1805406
1807273
1824597
1808311
1843166
1825634
1810904
1807896
1824078
1827398
1820240
1842751
1824908
1808103
1828020
1809452
1801153
1818788
1809037
1843788
1798456
1816194
1817335
1808311
1813808
1797211
1820966
1803227
1822937
1803746
1822315
1809037
1816298
1818269
1832481
1839327
1830510
1801153
1824182
1820551
1822315
1792854
1829058
1835800
1790572
1774804
1802086
1840053
1845240
1814535
1825842
1815053
1819099
1810178
1787045
1811423
1795759
1834141
1796381
1838809
1788393
1822004
1812979
1808829
1799908
1794617
1835178
1814120
1818165
1807377
1807792
1829058
1814950
1804680
1822626
1823041
1802709
1809555
1825427
1815572
1810904
1809244
1842024
1821070
1810800
1802190
1833518
1839535
1833311
1831962
1807481
1792439
1817024
1801257
1784659
1803954
1811111
1814742
1797211
1830302
1793684
1799908
1802086
1843788
1827605
1809140
1809244
1816921
1843477
1804161
1803227
1820966
1801879
1801257
1812979
1822730
1799597
1796796
1824804
1811423
1825634
1825116
1833933
1804057
1788808
1825842
1792024
1826257
1795862
1800219
1813912
1790468
1828020
1779472
1811215
1814535
1836838
1835282
1815157
1812667
1823248
1810074
1809244
1802398
1824597
1800427
1829265
1830717
1795136
1824908
1856859
1822004
1814016
1849286
1816194
1825738
1824286
1826983
1836526
1796692
1814431
1814638
1795966
1814431
1808207
1824701
1820862
1787149
1837771
1802086
1810385
1815987
1811008
1795136
1822937
1808933
1794617
1805925
1790883
1814742
1810281
1841506
1811838
1821900
1823456
1811941
1816298
1837564
1842958
1811008
1797937
1808829
1818477
1801153
1817024
1827709
1793788
1804887
1826153
1801049
1804576
1816713
1813601
1818062
1805717
1825012
1811215
1827605
1817335
1802709
1821900
1854161
1796796
1798871
1831029
1814535
1849078
1798559
1801464
1835904
1828954
1808103
1824286
1821070
1805821
1836630
1827502
1807169
1800738
1826568
1814120
1817647
1813705
1818995
1793891
1787460
1819410
1807688
1810593
1824078
1826568
1822730
1825427
1819099
1830614
1817647
1810696
1833311
1808829
1796381
1817335
1809867
1820344
1818891
1807896
1815365
1820344
1819825
1817232
1797315
1833311
1827398
1851568
1796381
1817439
1824493
1840365
1797107
1776153
1823663
1836630
1825738
1827605
1847004
1788290
1827087
1812771
1811630
1795551
1819721
1798456
1802398
1814016
1844307
1805510
1804887
1845240
1835074
1805406
1828746
1825116
1829369
1807169
1806547
1816402
1817958
1812149
1829784
1813497
1797418
1809037
1808311
1810385
1811008
1798041
1830614
1815157
1807377
1826983
1825842
1820240
1814327
1828746
1820759
1811111
1826257
1808622
1796485
1802916
1809555
1814431
1800323
1824804
1820033
1816506
1813082
1815883
1828435
1815468
1787667
1800738
1825531
1814016
1827190
1806547
1848663
1805925
1810281
1809452
1806340
1827294
1809763
1814950
1814535
1792543
1823871
1834659
1804161
1801360
1808414
1813912
1804991
1818580
1812564
1807481
1815987
1801568
1809867
1809555
1813497
1797211
1815053
1823145
1814535
1830717
1830095
1806754
1834141
1814327
1816921
1828746
1817543
1799597
1829991
1833311
1791090
1845136
1783829
1812875
1819514
1813601
1806236
1838809
1798144
1799700
1814846
1815676
1822315
1822626
1826153
1849701
1835178
1805302
1827916
1829887
1807169
1810800
1814120
1806236
1838705
1818373
1850738
1806236
1798974
1811941
1796692
1815572
1800323
1837356
1819306
1810904
1815572
1801257
1836215
1824389
1806340
1820448
1821070
1816713
1816921
1817647
1804991
1822418
1809244
1815053
1805510
1821589
1853124
1807688
1819929
1807999
1801153
1807584
1803539
1783414
1823456
1816609
1815261
1813601
1778953
1815468
1823145
1817958
1807999
1816298
1801568
1797522
1828539
1805095
1797418
1811008
1843995
1825427
1808725
1808518
1799597
1823248
1820136
1791817
1836630
1813290
1811423
1816298
1801360
1826257
1828850
1832585
1831755
1826153
1835178
1843062
1794721
1822833
1802709
1816091
1793061
1799389
1843892
1824286
1822004
1807688
1814638
1816817
1818373
1810489
1787563
1831858
1845240
1817335
1823248
1814846
1824078
1816298
1809140
1815365
1819929
1820136
1816713
1832066
1828228
1826568
1831858
1824389
1816402
1819618
1824182
1809452
1809659
1858311
1831029
1814327
1837045
1821277
1791713
1809659
1824389
1824182
1829058
1824908
1811630
1806962
1810385
1815987
1850220
1834556
1806443
1819825
1801879
1839950
1807377
1814742
1815779
1792958
1811630
1806962
1818269
1822107
1804680
1795759
1826153
1800012
1815365
1823560
1846381
1845033
1830614
1818684
1799804
1813082
1817958
1787563
1820551
1809659
1837875
1824286
1788290
1814846
1785904
1801049
1812149
1812460
1809763
1810800
1819306
1814742
1816402
1822522
1817543
1817439
1809452
1813497
1828020
1825323
1805095
1797315
1818995
1764742
1818062
1806028
1812667
1826360
1823560
1828954
1810489
1804680
1805717
1808725
1837771
1831651
1816921
1817335
1801464
1803954
1822730
1818269
1822522
1826568
1807066
1834867
1848249
1828124
1813186
1832273
1819618
1812667
1827190
1853539
1838601
1788912
1819825
1807169
1820966
1828746
1842958
1825738
1814535
1814535
1803227
1812875
1823456
1806651
1812149
1840261
1811215
1823041
1841921
1815365
1829784
1812356
1822626
1823975
1831962
1850427
1832481
1808103
1826153
1819410
1800842
1806858
1813601
1799078
1813394
1810385
1799493
1823352
1811423
1795240
1837668
1789120
1817024
1827398
1821900
1839120
1809763
1816713
1810281
1797003
1798974
1819514
1796070
1808725
1830925
1784555
1823975
1818373
1839846
1814742
1822211
1792750
1805198
1829369
1824701
1837979
1794514
1790364
1836112
1823145
1822107
1856029
1804576
1818891
1798248
1813601
1818995
1804576
1819929
1813808
1800945
1832481
1817024
1846485
1815157
1820759
1820862
1812979
1832273
1796485
1823248
1831340
1797418
1827605
1823871
1815365
1810385
1841298
1785178
1806547
1817024
1824078
1823975
1805510
1830821
1810385
1816506
1822211
1812564
1814327
1800115
1837149
1806132
1812771
1812149
1825323
1820448
1815883
1807273
1825116
1828850
1807792
1807896
1814120
1817543
1815987
1803124
1804991
1829058
1805613
1811630
1813290
1836526
1825427
1812564
1804887
1807584
1841091
1790883
1816194
1842024
1789120
1818477
1801671
1819618
1813186
1813082
1815572
1822211
1837979
1819825
1848975
1840261
1825738
1789949
1815468
1817647
1807792
1823560
1784244
1805613
1839950
1803227
1841402
1818684
1814431
1807999
1804057
1819514
1831236
1831651
1803746
1833933
1846796
1815053
1792958
1842232
1820966
1826049
1806340
1821900
1809555
1808518
1822626
1809037
1805510
1826568
1801464
1812460
1840365
1824389
1801775
1833933
1827916
1821589
1820033
1845448
1821070
1803227
1780924
1803227
1817439
1814016
1823663
1834141
1830614
1821381
1821796
1807999
1792750
1797418
1794929
1841921
1815365
1820344
1820655
1829991
1834970
1831029
1814638
1793165
1811423
1813808
1832066
1787978
1816817
1802294
1809763
1833103
1818788
1823456
1831236
1840883
1816298
1793476
1803642
1799908
1825531
1800945
1811111
1817024
1790157
1809555
1822626
1823560
1797730
1803331
1827190
1813186
1805198
1819203
1852294
1834659
1783829
1822418
1815365
1806340
1808933
1838186
1789742
1829058
1816298
1810074
1818269
1823248
1787667
1826360
1808103
1798559
1783518
1825323
1809140
1833726
1813808
1812667
1814846
1796588
1787771
1819410
1788601
1800323
1804265
1835178
1827190
1829784
1803850
1817854
1802398
1808311
1804472
1837564
1822211
1830199
1805613
1815987
1810281
1818788
1812356
1816506
1828954
1810696
1818580
1809970
1816713
1823352
1812875
1818580
1812460
1799078
1822626
1803746
1792439
1812460
1806547
1812356
1821174
1835178
1829680
1820136
1805302
1817439
1804369
1828746
1816609
1799804
1828643
1834141
1827605
1815261
1787356
1819099
1798767
1823663
1820966
1819618
1815261
1811838
1819514
1806028
1811734
1793269
1798559
1805198
1843580
1815053
1811319
1813394
1800634
1840053
1825738
1843062
1794617
1810489
1818788
1819099
1824701
1797626
1822211
1835074
1820655
1815365
1803020
1820344
1830199
1817750
1795655
1830717
1805095
1800115
1824804
1824182
1825012
1826983
1800427
1795551
1815779
1837979
1816402
1802294
1800842
1804680
1805821
1797522
1807481
1831962
1813808
1813601
1826983
1820448
1823560
1816609
1795136
1813394
1824493
1824078
1829161
1816713
1801879
1833414
1808518
1814950
1799182
1823663
1812045
1822626
1831132
1813497
1846900
1824078
1832999
1830510
1820344
1842958
1833518
1832792
1792024
1802398
1812252
1815572
1808933
1805302
1817232
1839327
1804680
1819306
1792750
1804991
1807273
1816091
1810593
1823975
1808518
1852190
1814120
1815883
1812460
1830925
1846174
1828850
1822833
1815053
1821070
1808725
1808518
1791402
1803124
1801049
1818684
1807273
1813912
1832273
1784140
1803227
1815053
1807169
1810178
1826360
1802709
1797211
1838809
1808103
1787356
1818788
1801671
1801464
1807688
1800842
1816194
1806132
1828435
1805925
1811526
1801257
1807377
1802813
1838186
1825116
1820448
1815883
1834037
1815365
1826464
1815157
1804265
1813186
1828954
1829161
1829680
1831547
1842543
1825427
1824286
1817543
1831651
1796173
1815053
1814223
1804784
1833726
1828954
1810800
1820344
1832481
1829161
1819099
1800738
1810800
1817439
1821589
1826153
1824804
1795032
1830302
1809659
1825738
1818995
1811630
1791402
1838497
1815157
1823871
1813290
1816194
1827398
1799700
1828643
1801360
1827294
1807169
1795862
1810074
1833414
1819618
1795240
1818373
1814120
1822937
1805613
1808414
1802813
1842024
1811630
1803020
1809037
1824078
1798456
1802190
1806443
1811423
1853228
1836526
1800323
1806651
1834659
1824389
1833311
1822626
1821070
1801049
1806236
1819203
1808725
1817128
1829680
1822315
1802916
1822004
1824493
1830095
1829161
1819514
1817128
1799389
1803331
1829161
1792958
1836630
1795136
1786422
1832585
1812460
1817958
1810696
1818788
1825738
1815261
1819721
1816091
1821900
1811838
1821070
1834659
1791505
1805406
1830302
1799597
1804991
1803539
1829369
1802086
1827294
1804991
1791298
1824389
1828954
1798559
1829784
1822004
1799700
1812045
1790157
1803642
1829784
1780198
1802813
1809244
1812564
1808933
1820759
1814638
1855821
1803331
1805925
1814016
1807999
1817335
1810178
1814950
1811838
1809763
1796485
1797003
1800219
1817232
1814431
1824286
1803746
1836215
1792439
1802294
1808622
1800427
1825634
1815468
1834348
1812875
1815365
1798767
1817750
1809867
1828020
1800427
1818062
1812875
1821277
1831858
1821900
1804887
1815883
1808518
1829576
1814846
1810074
1830406
1820759
1813186
1808414
1827398
1821692
1793476
1804369
1819618
1816402
1815883
1791402
1814742
1803954
1813290
1842647
1818788
1817854
1843892
1799493
1806962
1822107
1802813
1823041
1796588
1821277
1792647
1781962
1837875
1826672
1803227
1846485
1826568
1809763
1831443
1810281
1823352
1799597
1810178
1812460
1837149
1831340
1824701
1812252
1803954
1831962
1800323
1812252
1806028
1822626
1801671
1805198
1795344
1810904
1829784
1824908
1814327
1798559
1796070
1833103
1811423
1829991
1820551
1806028
1807584
1819514
1797211
1803227
1796173
1839950
1826879
1833103
1831132
1813290
1829576
1825531
1817854
1807377
1822211
1823145
1814120
1789431
1801049
1828331
1803124
1818269
1812252
1814950
1818373
1819306
1853954
1823456
1811111
1831340
1814638
1814223
1829161
1808311
1825116
1813186
1808622
1839639
1819410
1818373
1826775
1791090
1815468
1826879
1820862
1795655
1815365
1815261
1831132
1826257
1817335
1817128
1830614
1849493
1806962
1820136
1814950
1812149
1815779
1825842
1811111
1810281
1842336
1826775
1841298
1792128
1821796
1804057
1809348
1815883
1825219
1833311
1838082
1808311
1813601
1829161
1811630
1779368
1828020
1832273
1816402
1827294
1831755
1822626
1825116
1826775
1818269
1811630
1811838
1832066
1791920
1831029
1835800
1834970
1807999
1789742
1812149
1801568
1801983
1826775
1834452
1823145
1828435
1817958
1802190
1806443
1808622
1818373
1819721
1781754
1826464
1807584
1818165
1821070
1808311
1822522
1835904
1804784
1791920
1817750
1812045
1830199
1816609
1822730
1809555
1845136
1806754
1831547
1807792
1812356
1825116
1811319
1828228
1827813
1812564
1811423
1809037
1817024
1815676
1811941
1793995
1807066
1834141
1826568
1799078
1811838
1805925
1849493
1818165
1815053
1814016
1820344
1820136
1801879
1840883
1801257
1809867
1836941
1821174
1806132
1831651
1813394
1802086
1816091
1809970
1825945
1829991
1805821
1790157
1818373
1822418
1788601
1793788
1809659
1813186
1808311
1823871
1793373
1821381
1822522
1818373
1808622
1827294
1819306
1798559
1802916
1813705
1839950
1795344
1822211
1827916
1802086
1814016
1818269
1809659
1835385
1817439
1824804
1812771
1796796
1810178
1808311
1810385
1801360
1835904
1787356
1838601
1795136
1826464
1818788
1814327
1798871
1824804
1798041
1794617
1828228
1818373
1822730
1815676
1797315
1839950
1839742
1818788
1816713
1817854
1827398
1817543
1786215
1820240
1820655
1817439
1835282
1832999
1822626
1808414
1826153
1781132
1815572
1821070
1803435
1792958
1845344
1793684
1811319
1839224
1812771
1840883
1818477
1813912
1836941
1800427
1802294
1797107
1828124
1806754
1838497
1825427
1785385
1801464
1806340
1814327
1828124
1811941
1812252
1848456
1835697
1795551
1835282
1819514
1795032
1827190
1808207
1806962
1815779
1815157
1828124
1824078
1801879
1791505
1826983
1804369
1796277
1819099
1787252
1791402
1786630
1817335
1803020
1800012
1798871
1807169
1819099
1818891
1807377
1801983
1812564
1798041
1807273
1814327
1817854
1825842
1803331
1809037
1823248
1808207
1800219
1808725
1833311
1812875
1786526
1815987
1819306
1831962
1816713
1824286
1812979
1809452
1824389
1819410
1831029
1816921
1798352
1799182
1795551
1820966
1820655
1816713
1789534
1844203
1809970
1806858
1820862
1825323
1800842
1837564
1798144
1798144
1802501
1839120
1820344
1795966
1805095
1830406
1807688
1811734
1797418
1819825
1816817
1806028
1801983
1791090
1797833
1832273
1817128
1821900
1809763
1825842
1791817
1812979
1801257
1806962
1789638
1797003
1811423
1842128
1815779
1819929
1830925
1822418
1806132
1807999
1837356
1803124
1842128
1842958
1840365
1829265
1805510
1795447
1830717
1801879
1816921
1821796
1806132
1816817
1841817
1783207
1827813
1832481
1804369
1820862
1798352
1803331
1792543
1823975
1827398
1807896
1797418
1823352
1820240
1816194
1831029
1813912
1803850
1826257
1812149
1816817
1833414
1822833
1808518
1819306
1799493
1797833
1803227
1817128
1787978
1814950
1839224
1815779
1826672
1824908
1818477
1796173
1813290
1801049
1823041
1804265
1794929
1825323
1821692
1793165
1835178
1806754
1841713
1812252
1806962
1792958
1811734
1796485
1825116
1823767
1824078
1812564
1816506
1812460
1803124
1816609
1789638
1824182
1816817
1820344
1823663
1820759
1793995
1803435
1810074
1816817
1801360
1827813
1839016
1832170
1826257
1805925
1816609
1830717
1801775
1817543
1810800
1812149
1797833
1834037
1831962
1833103
1808933
1793580
1816298
1799182
1830821
1824182
1806443
1801257
1820448
1795136
1790987
1822833
1824389
1808829
1790053
1821900
1813082
1834763
1789431
1822418
1822937
1803020
1809348
1819618
1811319
1808311
1793165
1816817
1846796
1807273
1805302
1821381
1822626
1800427
1822004
1814950
1813705
1828331
1823041
1829265
1809763
1806132
1826257
1818477
1806754
1839846
1801049
1824908
1774597
1814327
1815468
1818477
1817958
1827709
1821796
1810281
1817854
1825945
1828435
1798456
1823560
1831443
1799389
1800842
1819203
1811630
1823145
1811111
1847522
1835074
1801775
1814120
1801568
1818788
1816506
1817232
1804057
1794410
1793891
1799804
1818995
1815779
1815572
1838809
1794306
1809555
1794099
1832688
1827398
1803227
1825219
1800012
1823145
1817232
1823456
1797730
1821277
1806028
1825738
1813705
1824078
1820448
1852398
1815468
1803746
1811941
1833311
1797522
1803020
1795136
1821589
1819618
1803020
1811941
1825427
1793891
1843995
1819721
1803539
1811838
1793891
1800842
1822211
1791817
1814950
1820344
1842232
1792958
1837149
1835178
1824804
1799182
1812979
1807066
1818995
1844722
1814846
1829680
1807066
1806028
1809140
1819514
1784866
1821277
1815883
1811941
1786007
1816713
1814535
1808207
1822730
1814742
1797730
1810385
1826983
1815987
1813082
1813290
1797418
1835489
1791817
1809037
1803642
1809970
1791713
1820551
1824182
1828746
1796692
1809244
1816921
1817128
1808414
1811008
1808933
1822418
1831340
1794099
1803020
1807896
1799908
1811838
1834348
1839016
1831755
1823560
1804057
1829161
1824597
1833726
1834141
1793580
1810696
1791609
1832688
1799389
1810489
1840261
1842854
